  0  0  0 1 1 0   3.46   0.00
 -1  0  0 1 1 0   4.90   0.00
  0 -1  0 1 1 0   4.90   0.00
  0  0 -1 1 1 0   4.90   0.00
  0  0  1 1 1 0   4.90   0.00
  0  1  0 1 1 0   4.90   0.00
  1  0  0 1 1 0   4.90   0.00
 -1 -1  0 1 1 0   6.00   0.00
 -1  0 -1 1 1 0   6.00   0.00
 -1  0  1 1 1 0   6.00   0.00
 -1  1  0 1 1 0   6.00   0.00
  0 -1 -1 1 1 0   6.00   0.00
  0 -1  1 1 1 0   6.00   0.00
  0  1 -1 1 1 0   6.00   0.00
  0  1  1 1 1 0   6.00   0.00
  1 -1  0 1 1 0   6.00   0.00
  1  0 -1 1 1 0   6.00   0.00
  1  0  1 1 1 0   6.00   0.00
  1  1  0 1 1 0   6.00   0.00
 -1 -1 -1 1 1 0   6.93   0.00
 -1 -1  1 1 1 0   6.93   0.00
 -1  1 -1 1 1 0   6.93   0.00
 -1  1  1 1 1 0   6.93   0.00
  1 -1 -1 1 1 0   6.93   0.00
  1 -1  1 1 1 0   6.93   0.00
  1  1 -1 1 1 0   6.93   0.00
  1  1  1 1 1 0   6.93   0.00
 -2  0  0 1 1 0   6.63   2.00
  0 -2  0 1 1 0   6.63   2.00
  0  0 -2 1 1 0   6.63   2.00
  0  0  2 1 1 0   6.63   2.00
  0  2  0 1 1 0   6.63   2.00
  2  0  0 1 1 0   6.63   2.00
 -2 -1  0 1 1 0   7.48   2.00
 -2  0 -1 1 1 0   7.48   2.00
 -2  0  1 1 1 0   7.48   2.00
 -2  1  0 1 1 0   7.48   2.00
 -1 -2  0 1 1 0   7.48   2.00
 -1  0 -2 1 1 0   7.48   2.00
 -1  0  2 1 1 0   7.48   2.00
 -1  2  0 1 1 0   7.48   2.00
  0 -2 -1 1 1 0   7.48   2.00
  0 -2  1 1 1 0   7.48   2.00
  0 -1 -2 1 1 0   7.48   2.00
  0 -1  2 1 1 0   7.48   2.00
  0  1 -2 1 1 0   7.48   2.00
  0  1  2 1 1 0   7.48   2.00
  0  2 -1 1 1 0   7.48   2.00
  0  2  1 1 1 0   7.48   2.00
  1 -2  0 1 1 0   7.48   2.00
  1  0 -2 1 1 0   7.48   2.00
  1  0  2 1 1 0   7.48   2.00
  1  2  0 1 1 0   7.48   2.00
  2 -1  0 1 1 0   7.48   2.00
  2  0 -1 1 1 0   7.48   2.00
  2  0  1 1 1 0   7.48   2.00
  2  1  0 1 1 0   7.48   2.00
 -2 -1 -1 1 1 0   8.25   2.00
 -2 -1  1 1 1 0   8.25   2.00
 -2  1 -1 1 1 0   8.25   2.00
 -2  1  1 1 1 0   8.25   2.00
 -1 -2 -1 1 1 0   8.25   2.00
 -1 -2  1 1 1 0   8.25   2.00
 -1 -1 -2 1 1 0   8.25   2.00
 -1 -1  2 1 1 0   8.25   2.00
 -1  1 -2 1 1 0   8.25   2.00
 -1  1  2 1 1 0   8.25   2.00
 -1  2 -1 1 1 0   8.25   2.00
 -1  2  1 1 1 0   8.25   2.00
  1 -2 -1 1 1 0   8.25   2.00
  1 -2  1 1 1 0   8.25   2.00
  1 -1 -2 1 1 0   8.25   2.00
  1 -1  2 1 1 0   8.25   2.00
  1  1 -2 1 1 0   8.25   2.00
  1  1  2 1 1 0   8.25   2.00
  1  2 -1 1 1 0   8.25   2.00
  1  2  1 1 1 0   8.25   2.00
  2 -1 -1 1 1 0   8.25   2.00
  2 -1  1 1 1 0   8.25   2.00
  2  1 -1 1 1 0   8.25   2.00
  2  1  1 1 1 0   8.25   2.00
 -2 -2  0 1 1 0   8.72   2.83
 -2  0 -2 1 1 0   8.72   2.83
 -2  0  2 1 1 0   8.72   2.83
 -2  2  0 1 1 0   8.72   2.83
  0 -2 -2 1 1 0   8.72   2.83
  0 -2  2 1 1 0   8.72   2.83
  0  2 -2 1 1 0   8.72   2.83
  0  2  2 1 1 0   8.72   2.83
  2 -2  0 1 1 0   8.72   2.83
  2  0 -2 1 1 0   8.72   2.83
  2  0  2 1 1 0   8.72   2.83
  2  2  0 1 1 0   8.72   2.83
 -2 -2 -1 1 1 0   9.38   2.83
 -2 -2  1 1 1 0   9.38   2.83
 -2 -1 -2 1 1 0   9.38   2.83
 -2 -1  2 1 1 0   9.38   2.83
 -2  1 -2 1 1 0   9.38   2.83
 -2  1  2 1 1 0   9.38   2.83
 -2  2 -1 1 1 0   9.38   2.83
 -2  2  1 1 1 0   9.38   2.83
 -1 -2 -2 1 1 0   9.38   2.83
 -1 -2  2 1 1 0   9.38   2.83
 -1  2 -2 1 1 0   9.38   2.83
 -1  2  2 1 1 0   9.38   2.83
  1 -2 -2 1 1 0   9.38   2.83
  1 -2  2 1 1 0   9.38   2.83
  1  2 -2 1 1 0   9.38   2.83
  1  2  2 1 1 0   9.38   2.83
  2 -2 -1 1 1 0   9.38   2.83
  2 -2  1 1 1 0   9.38   2.83
  2 -1 -2 1 1 0   9.38   2.83
  2 -1  2 1 1 0   9.38   2.83
  2  1 -2 1 1 0   9.38   2.83
  2  1  2 1 1 0   9.38   2.83
  2  2 -1 1 1 0   9.38   2.83
  2  2  1 1 1 0   9.38   2.83
 -2 -2 -2 1 1 0  10.39   3.46
 -2 -2  2 1 1 0  10.39   3.46
 -2  2 -2 1 1 0  10.39   3.46
 -2  2  2 1 1 0  10.39   3.46
  2 -2 -2 1 1 0  10.39   3.46
  2 -2  2 1 1 0  10.39   3.46
  2  2 -2 1 1 0  10.39   3.46
  2  2  2 1 1 0  10.39   3.46
 -3  0  0 0 1 0   8.49   4.00
  0 -3  0 0 1 0   8.49   4.00
  0  0 -3 0 1 0   8.49   4.00
  0  0  3 0 1 0   8.49   4.00
  0  3  0 0 1 0   8.49   4.00
  3  0  0 0 1 0   8.49   4.00
 -3 -1  0 0 1 0   9.17   4.00
 -3  0 -1 0 1 0   9.17   4.00
 -3  0  1 0 1 0   9.17   4.00
 -3  1  0 0 1 0   9.17   4.00
 -1 -3  0 0 1 0   9.17   4.00
 -1  0 -3 0 1 0   9.17   4.00
 -1  0  3 0 1 0   9.17   4.00
 -1  3  0 0 1 0   9.17   4.00
  0 -3 -1 0 1 0   9.17   4.00
  0 -3  1 0 1 0   9.17   4.00
  0 -1 -3 0 1 0   9.17   4.00
  0 -1  3 0 1 0   9.17   4.00
  0  1 -3 0 1 0   9.17   4.00
  0  1  3 0 1 0   9.17   4.00
  0  3 -1 0 1 0   9.17   4.00
  0  3  1 0 1 0   9.17   4.00
  1 -3  0 0 1 0   9.17   4.00
  1  0 -3 0 1 0   9.17   4.00
  1  0  3 0 1 0   9.17   4.00
  1  3  0 0 1 0   9.17   4.00
  3 -1  0 0 1 0   9.17   4.00
  3  0 -1 0 1 0   9.17   4.00
  3  0  1 0 1 0   9.17   4.00
  3  1  0 0 1 0   9.17   4.00
 -3 -1 -1 0 1 0   9.80   4.00
 -3 -1  1 0 1 0   9.80   4.00
 -3  1 -1 0 1 0   9.80   4.00
 -3  1  1 0 1 0   9.80   4.00
 -1 -3 -1 0 1 0   9.80   4.00
 -1 -3  1 0 1 0   9.80   4.00
 -1 -1 -3 0 1 0   9.80   4.00
 -1 -1  3 0 1 0   9.80   4.00
 -1  1 -3 0 1 0   9.80   4.00
 -1  1  3 0 1 0   9.80   4.00
 -1  3 -1 0 1 0   9.80   4.00
 -1  3  1 0 1 0   9.80   4.00
  1 -3 -1 0 1 0   9.80   4.00
  1 -3  1 0 1 0   9.80   4.00
  1 -1 -3 0 1 0   9.80   4.00
  1 -1  3 0 1 0   9.80   4.00
  1  1 -3 0 1 0   9.80   4.00
  1  1  3 0 1 0   9.80   4.00
  1  3 -1 0 1 0   9.80   4.00
  1  3  1 0 1 0   9.80   4.00
  3 -1 -1 0 1 0   9.80   4.00
  3 -1  1 0 1 0   9.80   4.00
  3  1 -1 0 1 0   9.80   4.00
  3  1  1 0 1 0   9.80   4.00
 -3 -2  0 0 1 0  10.20   4.47
 -3  0 -2 0 1 0  10.20   4.47
 -3  0  2 0 1 0  10.20   4.47
 -3  2  0 0 1 0  10.20   4.47
 -2 -3  0 0 1 0  10.20   4.47
 -2  0 -3 0 1 0  10.20   4.47
 -2  0  3 0 1 0  10.20   4.47
 -2  3  0 0 1 0  10.20   4.47
  0 -3 -2 0 1 0  10.20   4.47
  0 -3  2 0 1 0  10.20   4.47
  0 -2 -3 0 1 0  10.20   4.47
  0 -2  3 0 1 0  10.20   4.47
  0  2 -3 0 1 0  10.20   4.47
  0  2  3 0 1 0  10.20   4.47
  0  3 -2 0 1 0  10.20   4.47
  0  3  2 0 1 0  10.20   4.47
  2 -3  0 0 1 0  10.20   4.47
  2  0 -3 0 1 0  10.20   4.47
  2  0  3 0 1 0  10.20   4.47
  2  3  0 0 1 0  10.20   4.47
  3 -2  0 0 1 0  10.20   4.47
  3  0 -2 0 1 0  10.20   4.47
  3  0  2 0 1 0  10.20   4.47
  3  2  0 0 1 0  10.20   4.47
 -3 -2 -1 0 1 0  10.77   4.47
 -3 -2  1 0 1 0  10.77   4.47
 -3 -1 -2 0 1 0  10.77   4.47
 -3 -1  2 0 1 0  10.77   4.47
 -3  1 -2 0 1 0  10.77   4.47
 -3  1  2 0 1 0  10.77   4.47
 -3  2 -1 0 1 0  10.77   4.47
 -3  2  1 0 1 0  10.77   4.47
 -2 -3 -1 0 1 0  10.77   4.47
 -2 -3  1 0 1 0  10.77   4.47
 -2 -1 -3 0 1 0  10.77   4.47
 -2 -1  3 0 1 0  10.77   4.47
 -2  1 -3 0 1 0  10.77   4.47
 -2  1  3 0 1 0  10.77   4.47
 -2  3 -1 0 1 0  10.77   4.47
 -2  3  1 0 1 0  10.77   4.47
 -1 -3 -2 0 1 0  10.77   4.47
 -1 -3  2 0 1 0  10.77   4.47
 -1 -2 -3 0 1 0  10.77   4.47
 -1 -2  3 0 1 0  10.77   4.47
 -1  2 -3 0 1 0  10.77   4.47
 -1  2  3 0 1 0  10.77   4.47
 -1  3 -2 0 1 0  10.77   4.47
 -1  3  2 0 1 0  10.77   4.47
  1 -3 -2 0 1 0  10.77   4.47
  1 -3  2 0 1 0  10.77   4.47
  1 -2 -3 0 1 0  10.77   4.47
  1 -2  3 0 1 0  10.77   4.47
  1  2 -3 0 1 0  10.77   4.47
  1  2  3 0 1 0  10.77   4.47
  1  3 -2 0 1 0  10.77   4.47
  1  3  2 0 1 0  10.77   4.47
  2 -3 -1 0 1 0  10.77   4.47
  2 -3  1 0 1 0  10.77   4.47
  2 -1 -3 0 1 0  10.77   4.47
  2 -1  3 0 1 0  10.77   4.47
  2  1 -3 0 1 0  10.77   4.47
  2  1  3 0 1 0  10.77   4.47
  2  3 -1 0 1 0  10.77   4.47
  2  3  1 0 1 0  10.77   4.47
  3 -2 -1 0 1 0  10.77   4.47
  3 -2  1 0 1 0  10.77   4.47
  3 -1 -2 0 1 0  10.77   4.47
  3 -1  2 0 1 0  10.77   4.47
  3  1 -2 0 1 0  10.77   4.47
  3  1  2 0 1 0  10.77   4.47
  3  2 -1 0 1 0  10.77   4.47
  3  2  1 0 1 0  10.77   4.47
 -3 -2 -2 0 1 0  11.66   4.90
 -3 -2  2 0 1 0  11.66   4.90
 -3  2 -2 0 1 0  11.66   4.90
 -3  2  2 0 1 0  11.66   4.90
 -2 -3 -2 0 1 0  11.66   4.90
 -2 -3  2 0 1 0  11.66   4.90
 -2 -2 -3 0 1 0  11.66   4.90
 -2 -2  3 0 1 0  11.66   4.90
 -2  2 -3 0 1 0  11.66   4.90
 -2  2  3 0 1 0  11.66   4.90
 -2  3 -2 0 1 0  11.66   4.90
 -2  3  2 0 1 0  11.66   4.90
  2 -3 -2 0 1 0  11.66   4.90
  2 -3  2 0 1 0  11.66   4.90
  2 -2 -3 0 1 0  11.66   4.90
  2 -2  3 0 1 0  11.66   4.90
  2  2 -3 0 1 0  11.66   4.90
  2  2  3 0 1 0  11.66   4.90
  2  3 -2 0 1 0  11.66   4.90
  2  3  2 0 1 0  11.66   4.90
  3 -2 -2 0 1 0  11.66   4.90
  3 -2  2 0 1 0  11.66   4.90
  3  2 -2 0 1 0  11.66   4.90
  3  2  2 0 1 0  11.66   4.90
 -3 -3  0 0 1 0  11.49   5.66
 -3  0 -3 0 1 0  11.49   5.66
 -3  0  3 0 1 0  11.49   5.66
 -3  3  0 0 1 0  11.49   5.66
  0 -3 -3 0 1 0  11.49   5.66
  0 -3  3 0 1 0  11.49   5.66
  0  3 -3 0 1 0  11.49   5.66
  0  3  3 0 1 0  11.49   5.66
  3 -3  0 0 1 0  11.49   5.66
  3  0 -3 0 1 0  11.49   5.66
  3  0  3 0 1 0  11.49   5.66
  3  3  0 0 1 0  11.49   5.66
 -3 -3 -1 0 1 0  12.00   5.66
 -3 -3  1 0 1 0  12.00   5.66
 -3 -1 -3 0 1 0  12.00   5.66
 -3 -1  3 0 1 0  12.00   5.66
 -3  1 -3 0 1 0  12.00   5.66
 -3  1  3 0 1 0  12.00   5.66
 -3  3 -1 0 1 0  12.00   5.66
 -3  3  1 0 1 0  12.00   5.66
 -1 -3 -3 0 1 0  12.00   5.66
 -1 -3  3 0 1 0  12.00   5.66
 -1  3 -3 0 1 0  12.00   5.66
 -1  3  3 0 1 0  12.00   5.66
  1 -3 -3 0 1 0  12.00   5.66
  1 -3  3 0 1 0  12.00   5.66
  1  3 -3 0 1 0  12.00   5.66
  1  3  3 0 1 0  12.00   5.66
  3 -3 -1 0 1 0  12.00   5.66
  3 -3  1 0 1 0  12.00   5.66
  3 -1 -3 0 1 0  12.00   5.66
  3 -1  3 0 1 0  12.00   5.66
  3  1 -3 0 1 0  12.00   5.66
  3  1  3 0 1 0  12.00   5.66
  3  3 -1 0 1 0  12.00   5.66
  3  3  1 0 1 0  12.00   5.66
 -4  0  0 0 1 0  10.39   6.00
  0 -4  0 0 1 0  10.39   6.00
  0  0 -4 0 1 0  10.39   6.00
  0  0  4 0 1 0  10.39   6.00
  0  4  0 0 1 0  10.39   6.00
  4  0  0 0 1 0  10.39   6.00
 -4 -1  0 0 1 0  10.95   6.00
 -4  0 -1 0 1 0  10.95   6.00
 -4  0  1 0 1 0  10.95   6.00
 -4  1  0 0 1 0  10.95   6.00
 -1 -4  0 0 1 0  10.95   6.00
 -1  0 -4 0 1 0  10.95   6.00
 -1  0  4 0 1 0  10.95   6.00
 -1  4  0 0 1 0  10.95   6.00
  0 -4 -1 0 1 0  10.95   6.00
  0 -4  1 0 1 0  10.95   6.00
  0 -1 -4 0 1 0  10.95   6.00
  0 -1  4 0 1 0  10.95   6.00
  0  1 -4 0 1 0  10.95   6.00
  0  1  4 0 1 0  10.95   6.00
  0  4 -1 0 1 0  10.95   6.00
  0  4  1 0 1 0  10.95   6.00
  1 -4  0 0 1 0  10.95   6.00
  1  0 -4 0 1 0  10.95   6.00
  1  0  4 0 1 0  10.95   6.00
  1  4  0 0 1 0  10.95   6.00
  4 -1  0 0 1 0  10.95   6.00
  4  0 -1 0 1 0  10.95   6.00
  4  0  1 0 1 0  10.95   6.00
  4  1  0 0 1 0  10.95   6.00
 -4 -1 -1 0 1 0  11.49   6.00
 -4 -1  1 0 1 0  11.49   6.00
 -4  1 -1 0 1 0  11.49   6.00
 -4  1  1 0 1 0  11.49   6.00
 -1 -4 -1 0 1 0  11.49   6.00
 -1 -4  1 0 1 0  11.49   6.00
 -1 -1 -4 0 1 0  11.49   6.00
 -1 -1  4 0 1 0  11.49   6.00
 -1  1 -4 0 1 0  11.49   6.00
 -1  1  4 0 1 0  11.49   6.00
 -1  4 -1 0 1 0  11.49   6.00
 -1  4  1 0 1 0  11.49   6.00
  1 -4 -1 0 1 0  11.49   6.00
  1 -4  1 0 1 0  11.49   6.00
  1 -1 -4 0 1 0  11.49   6.00
  1 -1  4 0 1 0  11.49   6.00
  1  1 -4 0 1 0  11.49   6.00
  1  1  4 0 1 0  11.49   6.00
  1  4 -1 0 1 0  11.49   6.00
  1  4  1 0 1 0  11.49   6.00
  4 -1 -1 0 1 0  11.49   6.00
  4 -1  1 0 1 0  11.49   6.00
  4  1 -1 0 1 0  11.49   6.00
  4  1  1 0 1 0  11.49   6.00
 -3 -3 -2 0 1 0  12.81   6.00
 -3 -3  2 0 1 0  12.81   6.00
 -3 -2 -3 0 1 0  12.81   6.00
 -3 -2  3 0 1 0  12.81   6.00
 -3  2 -3 0 1 0  12.81   6.00
 -3  2  3 0 1 0  12.81   6.00
 -3  3 -2 0 1 0  12.81   6.00
 -3  3  2 0 1 0  12.81   6.00
 -2 -3 -3 0 1 0  12.81   6.00
 -2 -3  3 0 1 0  12.81   6.00
 -2  3 -3 0 1 0  12.81   6.00
 -2  3  3 0 1 0  12.81   6.00
  2 -3 -3 0 1 0  12.81   6.00
  2 -3  3 0 1 0  12.81   6.00
  2  3 -3 0 1 0  12.81   6.00
  2  3  3 0 1 0  12.81   6.00
  3 -3 -2 0 1 0  12.81   6.00
  3 -3  2 0 1 0  12.81   6.00
  3 -2 -3 0 1 0  12.81   6.00
  3 -2  3 0 1 0  12.81   6.00
  3  2 -3 0 1 0  12.81   6.00
  3  2  3 0 1 0  12.81   6.00
  3  3 -2 0 1 0  12.81   6.00
  3  3  2 0 1 0  12.81   6.00
 -4 -2  0 0 1 0  11.83   6.32
 -4  0 -2 0 1 0  11.83   6.32
 -4  0  2 0 1 0  11.83   6.32
 -4  2  0 0 1 0  11.83   6.32
 -2 -4  0 0 1 0  11.83   6.32
 -2  0 -4 0 1 0  11.83   6.32
 -2  0  4 0 1 0  11.83   6.32
 -2  4  0 0 1 0  11.83   6.32
  0 -4 -2 0 1 0  11.83   6.32
  0 -4  2 0 1 0  11.83   6.32
  0 -2 -4 0 1 0  11.83   6.32
  0 -2  4 0 1 0  11.83   6.32
  0  2 -4 0 1 0  11.83   6.32
  0  2  4 0 1 0  11.83   6.32
  0  4 -2 0 1 0  11.83   6.32
  0  4  2 0 1 0  11.83   6.32
  2 -4  0 0 1 0  11.83   6.32
  2  0 -4 0 1 0  11.83   6.32
  2  0  4 0 1 0  11.83   6.32
  2  4  0 0 1 0  11.83   6.32
  4 -2  0 0 1 0  11.83   6.32
  4  0 -2 0 1 0  11.83   6.32
  4  0  2 0 1 0  11.83   6.32
  4  2  0 0 1 0  11.83   6.32
 -4 -2 -1 0 1 0  12.33   6.32
 -4 -2  1 0 1 0  12.33   6.32
 -4 -1 -2 0 1 0  12.33   6.32
 -4 -1  2 0 1 0  12.33   6.32
 -4  1 -2 0 1 0  12.33   6.32
 -4  1  2 0 1 0  12.33   6.32
 -4  2 -1 0 1 0  12.33   6.32
 -4  2  1 0 1 0  12.33   6.32
 -2 -4 -1 0 1 0  12.33   6.32
 -2 -4  1 0 1 0  12.33   6.32
 -2 -1 -4 0 1 0  12.33   6.32
 -2 -1  4 0 1 0  12.33   6.32
 -2  1 -4 0 1 0  12.33   6.32
 -2  1  4 0 1 0  12.33   6.32
 -2  4 -1 0 1 0  12.33   6.32
 -2  4  1 0 1 0  12.33   6.32
 -1 -4 -2 0 1 0  12.33   6.32
 -1 -4  2 0 1 0  12.33   6.32
 -1 -2 -4 0 1 0  12.33   6.32
 -1 -2  4 0 1 0  12.33   6.32
 -1  2 -4 0 1 0  12.33   6.32
 -1  2  4 0 1 0  12.33   6.32
 -1  4 -2 0 1 0  12.33   6.32
 -1  4  2 0 1 0  12.33   6.32
  1 -4 -2 0 1 0  12.33   6.32
  1 -4  2 0 1 0  12.33   6.32
  1 -2 -4 0 1 0  12.33   6.32
  1 -2  4 0 1 0  12.33   6.32
  1  2 -4 0 1 0  12.33   6.32
  1  2  4 0 1 0  12.33   6.32
  1  4 -2 0 1 0  12.33   6.32
  1  4  2 0 1 0  12.33   6.32
  2 -4 -1 0 1 0  12.33   6.32
  2 -4  1 0 1 0  12.33   6.32
  2 -1 -4 0 1 0  12.33   6.32
  2 -1  4 0 1 0  12.33   6.32
  2  1 -4 0 1 0  12.33   6.32
  2  1  4 0 1 0  12.33   6.32
  2  4 -1 0 1 0  12.33   6.32
  2  4  1 0 1 0  12.33   6.32
  4 -2 -1 0 1 0  12.33   6.32
  4 -2  1 0 1 0  12.33   6.32
  4 -1 -2 0 1 0  12.33   6.32
  4 -1  2 0 1 0  12.33   6.32
  4  1 -2 0 1 0  12.33   6.32
  4  1  2 0 1 0  12.33   6.32
  4  2 -1 0 1 0  12.33   6.32
  4  2  1 0 1 0  12.33   6.32
 -4 -2 -2 0 1 0  13.11   6.63
 -4 -2  2 0 1 0  13.11   6.63
 -4  2 -2 0 1 0  13.11   6.63
 -4  2  2 0 1 0  13.11   6.63
 -2 -4 -2 0 1 0  13.11   6.63
 -2 -4  2 0 1 0  13.11   6.63
 -2 -2 -4 0 1 0  13.11   6.63
 -2 -2  4 0 1 0  13.11   6.63
 -2  2 -4 0 1 0  13.11   6.63
 -2  2  4 0 1 0  13.11   6.63
 -2  4 -2 0 1 0  13.11   6.63
 -2  4  2 0 1 0  13.11   6.63
  2 -4 -2 0 1 0  13.11   6.63
  2 -4  2 0 1 0  13.11   6.63
  2 -2 -4 0 1 0  13.11   6.63
  2 -2  4 0 1 0  13.11   6.63
  2  2 -4 0 1 0  13.11   6.63
  2  2  4 0 1 0  13.11   6.63
  2  4 -2 0 1 0  13.11   6.63
  2  4  2 0 1 0  13.11   6.63
  4 -2 -2 0 1 0  13.11   6.63
  4 -2  2 0 1 0  13.11   6.63
  4  2 -2 0 1 0  13.11   6.63
  4  2  2 0 1 0  13.11   6.63
 -3 -3 -3 0 1 0  13.86   6.93
 -3 -3  3 0 1 0  13.86   6.93
 -3  3 -3 0 1 0  13.86   6.93
 -3  3  3 0 1 0  13.86   6.93
  3 -3 -3 0 1 0  13.86   6.93
  3 -3  3 0 1 0  13.86   6.93
  3  3 -3 0 1 0  13.86   6.93
  3  3  3 0 1 0  13.86   6.93
 -4 -3  0 0 1 0  12.96   7.21
 -4  0 -3 0 1 0  12.96   7.21
 -4  0  3 0 1 0  12.96   7.21
 -4  3  0 0 1 0  12.96   7.21
 -3 -4  0 0 1 0  12.96   7.21
 -3  0 -4 0 1 0  12.96   7.21
 -3  0  4 0 1 0  12.96   7.21
 -3  4  0 0 1 0  12.96   7.21
  0 -4 -3 0 1 0  12.96   7.21
  0 -4  3 0 1 0  12.96   7.21
  0 -3 -4 0 1 0  12.96   7.21
  0 -3  4 0 1 0  12.96   7.21
  0  3 -4 0 1 0  12.96   7.21
  0  3  4 0 1 0  12.96   7.21
  0  4 -3 0 1 0  12.96   7.21
  0  4  3 0 1 0  12.96   7.21
  3 -4  0 0 1 0  12.96   7.21
  3  0 -4 0 1 0  12.96   7.21
  3  0  4 0 1 0  12.96   7.21
  3  4  0 0 1 0  12.96   7.21
  4 -3  0 0 1 0  12.96   7.21
  4  0 -3 0 1 0  12.96   7.21
  4  0  3 0 1 0  12.96   7.21
  4  3  0 0 1 0  12.96   7.21
 -4 -3 -1 0 1 0  13.42   7.21
 -4 -3  1 0 1 0  13.42   7.21
 -4 -1 -3 0 1 0  13.42   7.21
 -4 -1  3 0 1 0  13.42   7.21
 -4  1 -3 0 1 0  13.42   7.21
 -4  1  3 0 1 0  13.42   7.21
 -4  3 -1 0 1 0  13.42   7.21
 -4  3  1 0 1 0  13.42   7.21
 -3 -4 -1 0 1 0  13.42   7.21
 -3 -4  1 0 1 0  13.42   7.21
 -3 -1 -4 0 1 0  13.42   7.21
 -3 -1  4 0 1 0  13.42   7.21
 -3  1 -4 0 1 0  13.42   7.21
 -3  1  4 0 1 0  13.42   7.21
 -3  4 -1 0 1 0  13.42   7.21
 -3  4  1 0 1 0  13.42   7.21
 -1 -4 -3 0 1 0  13.42   7.21
 -1 -4  3 0 1 0  13.42   7.21
 -1 -3 -4 0 1 0  13.42   7.21
 -1 -3  4 0 1 0  13.42   7.21
 -1  3 -4 0 1 0  13.42   7.21
 -1  3  4 0 1 0  13.42   7.21
 -1  4 -3 0 1 0  13.42   7.21
 -1  4  3 0 1 0  13.42   7.21
  1 -4 -3 0 1 0  13.42   7.21
  1 -4  3 0 1 0  13.42   7.21
  1 -3 -4 0 1 0  13.42   7.21
  1 -3  4 0 1 0  13.42   7.21
  1  3 -4 0 1 0  13.42   7.21
  1  3  4 0 1 0  13.42   7.21
  1  4 -3 0 1 0  13.42   7.21
  1  4  3 0 1 0  13.42   7.21
  3 -4 -1 0 1 0  13.42   7.21
  3 -4  1 0 1 0  13.42   7.21
  3 -1 -4 0 1 0  13.42   7.21
  3 -1  4 0 1 0  13.42   7.21
  3  1 -4 0 1 0  13.42   7.21
  3  1  4 0 1 0  13.42   7.21
  3  4 -1 0 1 0  13.42   7.21
  3  4  1 0 1 0  13.42   7.21
  4 -3 -1 0 1 0  13.42   7.21
  4 -3  1 0 1 0  13.42   7.21
  4 -1 -3 0 1 0  13.42   7.21
  4 -1  3 0 1 0  13.42   7.21
  4  1 -3 0 1 0  13.42   7.21
  4  1  3 0 1 0  13.42   7.21
  4  3 -1 0 1 0  13.42   7.21
  4  3  1 0 1 0  13.42   7.21
 -4 -3 -2 0 1 1  14.14   7.48
 -4 -3  2 0 1 1  14.14   7.48
 -4 -2 -3 0 1 1  14.14   7.48
 -4 -2  3 0 1 1  14.14   7.48
 -4  2 -3 0 1 1  14.14   7.48
 -4  2  3 0 1 1  14.14   7.48
 -4  3 -2 0 1 1  14.14   7.48
 -4  3  2 0 1 1  14.14   7.48
 -3 -4 -2 0 1 1  14.14   7.48
 -3 -4  2 0 1 1  14.14   7.48
 -3 -2 -4 0 1 1  14.14   7.48
 -3 -2  4 0 1 1  14.14   7.48
 -3  2 -4 0 1 1  14.14   7.48
 -3  2  4 0 1 1  14.14   7.48
 -3  4 -2 0 1 1  14.14   7.48
 -3  4  2 0 1 1  14.14   7.48
 -2 -4 -3 0 1 1  14.14   7.48
 -2 -4  3 0 1 1  14.14   7.48
 -2 -3 -4 0 1 1  14.14   7.48
 -2 -3  4 0 1 1  14.14   7.48
 -2  3 -4 0 1 1  14.14   7.48
 -2  3  4 0 1 1  14.14   7.48
 -2  4 -3 0 1 1  14.14   7.48
 -2  4  3 0 1 1  14.14   7.48
  2 -4 -3 0 1 1  14.14   7.48
  2 -4  3 0 1 1  14.14   7.48
  2 -3 -4 0 1 1  14.14   7.48
  2 -3  4 0 1 1  14.14   7.48
  2  3 -4 0 1 1  14.14   7.48
  2  3  4 0 1 1  14.14   7.48
  2  4 -3 0 1 1  14.14   7.48
  2  4  3 0 1 1  14.14   7.48
  3 -4 -2 0 1 1  14.14   7.48
  3 -4  2 0 1 1  14.14   7.48
  3 -2 -4 0 1 1  14.14   7.48
  3 -2  4 0 1 1  14.14   7.48
  3  2 -4 0 1 1  14.14   7.48
  3  2  4 0 1 1  14.14   7.48
  3  4 -2 0 1 1  14.14   7.48
  3  4  2 0 1 1  14.14   7.48
  4 -3 -2 0 1 1  14.14   7.48
  4 -3  2 0 1 1  14.14   7.48
  4 -2 -3 0 1 1  14.14   7.48
  4 -2  3 0 1 1  14.14   7.48
  4  2 -3 0 1 1  14.14   7.48
  4  2  3 0 1 1  14.14   7.48
  4  3 -2 0 1 1  14.14   7.48
  4  3  2 0 1 1  14.14   7.48
 -5  0  0 0 0 0  12.33   8.00
  0 -5  0 0 0 0  12.33   8.00
  0  0 -5 0 0 0  12.33   8.00
  0  0  5 0 0 0  12.33   8.00
  0  5  0 0 0 0  12.33   8.00
  5  0  0 0 0 0  12.33   8.00
 -5 -1  0 0 0 0  12.81   8.00
 -5  0 -1 0 0 0  12.81   8.00
 -5  0  1 0 0 0  12.81   8.00
 -5  1  0 0 0 0  12.81   8.00
 -1 -5  0 0 0 0  12.81   8.00
 -1  0 -5 0 0 0  12.81   8.00
 -1  0  5 0 0 0  12.81   8.00
 -1  5  0 0 0 0  12.81   8.00
  0 -5 -1 0 0 0  12.81   8.00
  0 -5  1 0 0 0  12.81   8.00
  0 -1 -5 0 0 0  12.81   8.00
  0 -1  5 0 0 0  12.81   8.00
  0  1 -5 0 0 0  12.81   8.00
  0  1  5 0 0 0  12.81   8.00
  0  5 -1 0 0 0  12.81   8.00
  0  5  1 0 0 0  12.81   8.00
  1 -5  0 0 0 0  12.81   8.00
  1  0 -5 0 0 0  12.81   8.00
  1  0  5 0 0 0  12.81   8.00
  1  5  0 0 0 0  12.81   8.00
  5 -1  0 0 0 0  12.81   8.00
  5  0 -1 0 0 0  12.81   8.00
  5  0  1 0 0 0  12.81   8.00
  5  1  0 0 0 0  12.81   8.00
 -5 -1 -1 0 0 0  13.27   8.00
 -5 -1  1 0 0 0  13.27   8.00
 -5  1 -1 0 0 0  13.27   8.00
 -5  1  1 0 0 0  13.27   8.00
 -1 -5 -1 0 0 0  13.27   8.00
 -1 -5  1 0 0 0  13.27   8.00
 -1 -1 -5 0 0 0  13.27   8.00
 -1 -1  5 0 0 0  13.27   8.00
 -1  1 -5 0 0 0  13.27   8.00
 -1  1  5 0 0 0  13.27   8.00
 -1  5 -1 0 0 0  13.27   8.00
 -1  5  1 0 0 0  13.27   8.00
  1 -5 -1 0 0 0  13.27   8.00
  1 -5  1 0 0 0  13.27   8.00
  1 -1 -5 0 0 0  13.27   8.00
  1 -1  5 0 0 0  13.27   8.00
  1  1 -5 0 0 0  13.27   8.00
  1  1  5 0 0 0  13.27   8.00
  1  5 -1 0 0 0  13.27   8.00
  1  5  1 0 0 0  13.27   8.00
  5 -1 -1 0 0 0  13.27   8.00
  5 -1  1 0 0 0  13.27   8.00
  5  1 -1 0 0 0  13.27   8.00
  5  1  1 0 0 0  13.27   8.00
 -5 -2  0 0 0 0  13.56   8.25
 -5  0 -2 0 0 0  13.56   8.25
 -5  0  2 0 0 0  13.56   8.25
 -5  2  0 0 0 0  13.56   8.25
 -2 -5  0 0 0 0  13.56   8.25
 -2  0 -5 0 0 0  13.56   8.25
 -2  0  5 0 0 0  13.56   8.25
 -2  5  0 0 0 0  13.56   8.25
  0 -5 -2 0 0 0  13.56   8.25
  0 -5  2 0 0 0  13.56   8.25
  0 -2 -5 0 0 0  13.56   8.25
  0 -2  5 0 0 0  13.56   8.25
  0  2 -5 0 0 0  13.56   8.25
  0  2  5 0 0 0  13.56   8.25
  0  5 -2 0 0 0  13.56   8.25
  0  5  2 0 0 0  13.56   8.25
  2 -5  0 0 0 0  13.56   8.25
  2  0 -5 0 0 0  13.56   8.25
  2  0  5 0 0 0  13.56   8.25
  2  5  0 0 0 0  13.56   8.25
  5 -2  0 0 0 0  13.56   8.25
  5  0 -2 0 0 0  13.56   8.25
  5  0  2 0 0 0  13.56   8.25
  5  2  0 0 0 0  13.56   8.25
 -5 -2 -1 0 0 0  14.00   8.25
 -5 -2  1 0 0 0  14.00   8.25
 -5 -1 -2 0 0 0  14.00   8.25
 -5 -1  2 0 0 0  14.00   8.25
 -5  1 -2 0 0 0  14.00   8.25
 -5  1  2 0 0 0  14.00   8.25
 -5  2 -1 0 0 0  14.00   8.25
 -5  2  1 0 0 0  14.00   8.25
 -2 -5 -1 0 0 0  14.00   8.25
 -2 -5  1 0 0 0  14.00   8.25
 -2 -1 -5 0 0 0  14.00   8.25
 -2 -1  5 0 0 0  14.00   8.25
 -2  1 -5 0 0 0  14.00   8.25
 -2  1  5 0 0 0  14.00   8.25
 -2  5 -1 0 0 0  14.00   8.25
 -2  5  1 0 0 0  14.00   8.25
 -1 -5 -2 0 0 0  14.00   8.25
 -1 -5  2 0 0 0  14.00   8.25
 -1 -2 -5 0 0 0  14.00   8.25
 -1 -2  5 0 0 0  14.00   8.25
 -1  2 -5 0 0 0  14.00   8.25
 -1  2  5 0 0 0  14.00   8.25
 -1  5 -2 0 0 0  14.00   8.25
 -1  5  2 0 0 0  14.00   8.25
  1 -5 -2 0 0 0  14.00   8.25
  1 -5  2 0 0 0  14.00   8.25
  1 -2 -5 0 0 0  14.00   8.25
  1 -2  5 0 0 0  14.00   8.25
  1  2 -5 0 0 0  14.00   8.25
  1  2  5 0 0 0  14.00   8.25
  1  5 -2 0 0 0  14.00   8.25
  1  5  2 0 0 0  14.00   8.25
  2 -5 -1 0 0 0  14.00   8.25
  2 -5  1 0 0 0  14.00   8.25
  2 -1 -5 0 0 0  14.00   8.25
  2 -1  5 0 0 0  14.00   8.25
  2  1 -5 0 0 0  14.00   8.25
  2  1  5 0 0 0  14.00   8.25
  2  5 -1 0 0 0  14.00   8.25
  2  5  1 0 0 0  14.00   8.25
  5 -2 -1 0 0 0  14.00   8.25
  5 -2  1 0 0 0  14.00   8.25
  5 -1 -2 0 0 0  14.00   8.25
  5 -1  2 0 0 0  14.00   8.25
  5  1 -2 0 0 0  14.00   8.25
  5  1  2 0 0 0  14.00   8.25
  5  2 -1 0 0 0  14.00   8.25
  5  2  1 0 0 0  14.00   8.25
 -4 -3 -3 0 0 1  15.10   8.25
 -4 -3  3 0 0 1  15.10   8.25
 -4  3 -3 0 0 1  15.10   8.25
 -4  3  3 0 0 1  15.10   8.25
 -3 -4 -3 0 0 1  15.10   8.25
 -3 -4  3 0 0 1  15.10   8.25
 -3 -3 -4 0 0 1  15.10   8.25
 -3 -3  4 0 0 1  15.10   8.25
 -3  3 -4 0 0 1  15.10   8.25
 -3  3  4 0 0 1  15.10   8.25
 -3  4 -3 0 0 1  15.10   8.25
 -3  4  3 0 0 1  15.10   8.25
  3 -4 -3 0 0 1  15.10   8.25
  3 -4  3 0 0 1  15.10   8.25
  3 -3 -4 0 0 1  15.10   8.25
  3 -3  4 0 0 1  15.10   8.25
  3  3 -4 0 0 1  15.10   8.25
  3  3  4 0 0 1  15.10   8.25
  3  4 -3 0 0 1  15.10   8.25
  3  4  3 0 0 1  15.10   8.25
  4 -3 -3 0 0 1  15.10   8.25
  4 -3  3 0 0 1  15.10   8.25
  4  3 -3 0 0 1  15.10   8.25
  4  3  3 0 0 1  15.10   8.25
 -4 -4  0 0 0 1  14.28   8.49
 -4  0 -4 0 0 1  14.28   8.49
 -4  0  4 0 0 1  14.28   8.49
 -4  4  0 0 0 1  14.28   8.49
  0 -4 -4 0 0 1  14.28   8.49
  0 -4  4 0 0 1  14.28   8.49
  0  4 -4 0 0 1  14.28   8.49
  0  4  4 0 0 1  14.28   8.49
  4 -4  0 0 0 1  14.28   8.49
  4  0 -4 0 0 1  14.28   8.49
  4  0  4 0 0 1  14.28   8.49
  4  4  0 0 0 1  14.28   8.49
 -5 -2 -2 0 0 1  14.70   8.49
 -5 -2  2 0 0 1  14.70   8.49
 -5  2 -2 0 0 1  14.70   8.49
 -5  2  2 0 0 1  14.70   8.49
 -4 -4 -1 0 0 1  14.70   8.49
 -4 -4  1 0 0 1  14.70   8.49
 -4 -1 -4 0 0 1  14.70   8.49
 -4 -1  4 0 0 1  14.70   8.49
 -4  1 -4 0 0 1  14.70   8.49
 -4  1  4 0 0 1  14.70   8.49
 -4  4 -1 0 0 1  14.70   8.49
 -4  4  1 0 0 1  14.70   8.49
 -2 -5 -2 0 0 1  14.70   8.49
 -2 -5  2 0 0 1  14.70   8.49
 -2 -2 -5 0 0 1  14.70   8.49
 -2 -2  5 0 0 1  14.70   8.49
 -2  2 -5 0 0 1  14.70   8.49
 -2  2  5 0 0 1  14.70   8.49
 -2  5 -2 0 0 1  14.70   8.49
 -2  5  2 0 0 1  14.70   8.49
 -1 -4 -4 0 0 1  14.70   8.49
 -1 -4  4 0 0 1  14.70   8.49
 -1  4 -4 0 0 1  14.70   8.49
 -1  4  4 0 0 1  14.70   8.49
  1 -4 -4 0 0 1  14.70   8.49
  1 -4  4 0 0 1  14.70   8.49
  1  4 -4 0 0 1  14.70   8.49
  1  4  4 0 0 1  14.70   8.49
  2 -5 -2 0 0 1  14.70   8.49
  2 -5  2 0 0 1  14.70   8.49
  2 -2 -5 0 0 1  14.70   8.49
  2 -2  5 0 0 1  14.70   8.49
  2  2 -5 0 0 1  14.70   8.49
  2  2  5 0 0 1  14.70   8.49
  2  5 -2 0 0 1  14.70   8.49
  2  5  2 0 0 1  14.70   8.49
  4 -4 -1 0 0 1  14.70   8.49
  4 -4  1 0 0 1  14.70   8.49
  4 -1 -4 0 0 1  14.70   8.49
  4 -1  4 0 0 1  14.70   8.49
  4  1 -4 0 0 1  14.70   8.49
  4  1  4 0 0 1  14.70   8.49
  4  4 -1 0 0 1  14.70   8.49
  4  4  1 0 0 1  14.70   8.49
  5 -2 -2 0 0 1  14.70   8.49
  5 -2  2 0 0 1  14.70   8.49
  5  2 -2 0 0 1  14.70   8.49
  5  2  2 0 0 1  14.70   8.49
 -4 -4 -2 0 0 1  15.36   8.72
 -4 -4  2 0 0 1  15.36   8.72
 -4 -2 -4 0 0 1  15.36   8.72
 -4 -2  4 0 0 1  15.36   8.72
 -4  2 -4 0 0 1  15.36   8.72
 -4  2  4 0 0 1  15.36   8.72
 -4  4 -2 0 0 1  15.36   8.72
 -4  4  2 0 0 1  15.36   8.72
 -2 -4 -4 0 0 1  15.36   8.72
 -2 -4  4 0 0 1  15.36   8.72
 -2  4 -4 0 0 1  15.36   8.72
 -2  4  4 0 0 1  15.36   8.72
  2 -4 -4 0 0 1  15.36   8.72
  2 -4  4 0 0 1  15.36   8.72
  2  4 -4 0 0 1  15.36   8.72
  2  4  4 0 0 1  15.36   8.72
  4 -4 -2 0 0 1  15.36   8.72
  4 -4  2 0 0 1  15.36   8.72
  4 -2 -4 0 0 1  15.36   8.72
  4 -2  4 0 0 1  15.36   8.72
  4  2 -4 0 0 1  15.36   8.72
  4  2  4 0 0 1  15.36   8.72
  4  4 -2 0 0 1  15.36   8.72
  4  4  2 0 0 1  15.36   8.72
 -5 -3  0 0 0 1  14.56   8.94
 -5  0 -3 0 0 1  14.56   8.94
 -5  0  3 0 0 1  14.56   8.94
 -5  3  0 0 0 1  14.56   8.94
 -3 -5  0 0 0 1  14.56   8.94
 -3  0 -5 0 0 1  14.56   8.94
 -3  0  5 0 0 1  14.56   8.94
 -3  5  0 0 0 1  14.56   8.94
  0 -5 -3 0 0 1  14.56   8.94
  0 -5  3 0 0 1  14.56   8.94
  0 -3 -5 0 0 1  14.56   8.94
  0 -3  5 0 0 1  14.56   8.94
  0  3 -5 0 0 1  14.56   8.94
  0  3  5 0 0 1  14.56   8.94
  0  5 -3 0 0 1  14.56   8.94
  0  5  3 0 0 1  14.56   8.94
  3 -5  0 0 0 1  14.56   8.94
  3  0 -5 0 0 1  14.56   8.94
  3  0  5 0 0 1  14.56   8.94
  3  5  0 0 0 1  14.56   8.94
  5 -3  0 0 0 1  14.56   8.94
  5  0 -3 0 0 1  14.56   8.94
  5  0  3 0 0 1  14.56   8.94
  5  3  0 0 0 1  14.56   8.94
 -5 -3 -1 0 0 1  14.97   8.94
 -5 -3  1 0 0 1  14.97   8.94
 -5 -1 -3 0 0 1  14.97   8.94
 -5 -1  3 0 0 1  14.97   8.94
 -5  1 -3 0 0 1  14.97   8.94
 -5  1  3 0 0 1  14.97   8.94
 -5  3 -1 0 0 1  14.97   8.94
 -5  3  1 0 0 1  14.97   8.94
 -3 -5 -1 0 0 1  14.97   8.94
 -3 -5  1 0 0 1  14.97   8.94
 -3 -1 -5 0 0 1  14.97   8.94
 -3 -1  5 0 0 1  14.97   8.94
 -3  1 -5 0 0 1  14.97   8.94
 -3  1  5 0 0 1  14.97   8.94
 -3  5 -1 0 0 1  14.97   8.94
 -3  5  1 0 0 1  14.97   8.94
 -1 -5 -3 0 0 1  14.97   8.94
 -1 -5  3 0 0 1  14.97   8.94
 -1 -3 -5 0 0 1  14.97   8.94
 -1 -3  5 0 0 1  14.97   8.94
 -1  3 -5 0 0 1  14.97   8.94
 -1  3  5 0 0 1  14.97   8.94
 -1  5 -3 0 0 1  14.97   8.94
 -1  5  3 0 0 1  14.97   8.94
  1 -5 -3 0 0 1  14.97   8.94
  1 -5  3 0 0 1  14.97   8.94
  1 -3 -5 0 0 1  14.97   8.94
  1 -3  5 0 0 1  14.97   8.94
  1  3 -5 0 0 1  14.97   8.94
  1  3  5 0 0 1  14.97   8.94
  1  5 -3 0 0 1  14.97   8.94
  1  5  3 0 0 1  14.97   8.94
  3 -5 -1 0 0 1  14.97   8.94
  3 -5  1 0 0 1  14.97   8.94
  3 -1 -5 0 0 1  14.97   8.94
  3 -1  5 0 0 1  14.97   8.94
  3  1 -5 0 0 1  14.97   8.94
  3  1  5 0 0 1  14.97   8.94
  3  5 -1 0 0 1  14.97   8.94
  3  5  1 0 0 1  14.97   8.94
  5 -3 -1 0 0 1  14.97   8.94
  5 -3  1 0 0 1  14.97   8.94
  5 -1 -3 0 0 1  14.97   8.94
  5 -1  3 0 0 1  14.97   8.94
  5  1 -3 0 0 1  14.97   8.94
  5  1  3 0 0 1  14.97   8.94
  5  3 -1 0 0 1  14.97   8.94
  5  3  1 0 0 1  14.97   8.94
 -5 -3 -2 0 0 1  15.62   9.17
 -5 -3  2 0 0 1  15.62   9.17
 -5 -2 -3 0 0 1  15.62   9.17
 -5 -2  3 0 0 1  15.62   9.17
 -5  2 -3 0 0 1  15.62   9.17
 -5  2  3 0 0 1  15.62   9.17
 -5  3 -2 0 0 1  15.62   9.17
 -5  3  2 0 0 1  15.62   9.17
 -3 -5 -2 0 0 1  15.62   9.17
 -3 -5  2 0 0 1  15.62   9.17
 -3 -2 -5 0 0 1  15.62   9.17
 -3 -2  5 0 0 1  15.62   9.17
 -3  2 -5 0 0 1  15.62   9.17
 -3  2  5 0 0 1  15.62   9.17
 -3  5 -2 0 0 1  15.62   9.17
 -3  5  2 0 0 1  15.62   9.17
 -2 -5 -3 0 0 1  15.62   9.17
 -2 -5  3 0 0 1  15.62   9.17
 -2 -3 -5 0 0 1  15.62   9.17
 -2 -3  5 0 0 1  15.62   9.17
 -2  3 -5 0 0 1  15.62   9.17
 -2  3  5 0 0 1  15.62   9.17
 -2  5 -3 0 0 1  15.62   9.17
 -2  5  3 0 0 1  15.62   9.17
  2 -5 -3 0 0 1  15.62   9.17
  2 -5  3 0 0 1  15.62   9.17
  2 -3 -5 0 0 1  15.62   9.17
  2 -3  5 0 0 1  15.62   9.17
  2  3 -5 0 0 1  15.62   9.17
  2  3  5 0 0 1  15.62   9.17
  2  5 -3 0 0 1  15.62   9.17
  2  5  3 0 0 1  15.62   9.17
  3 -5 -2 0 0 1  15.62   9.17
  3 -5  2 0 0 1  15.62   9.17
  3 -2 -5 0 0 1  15.62   9.17
  3 -2  5 0 0 1  15.62   9.17
  3  2 -5 0 0 1  15.62   9.17
  3  2  5 0 0 1  15.62   9.17
  3  5 -2 0 0 1  15.62   9.17
  3  5  2 0 0 1  15.62   9.17
  5 -3 -2 0 0 1  15.62   9.17
  5 -3  2 0 0 1  15.62   9.17
  5 -2 -3 0 0 1  15.62   9.17
  5 -2  3 0 0 1  15.62   9.17
  5  2 -3 0 0 1  15.62   9.17
  5  2  3 0 0 1  15.62   9.17
  5  3 -2 0 0 1  15.62   9.17
  5  3  2 0 0 1  15.62   9.17
 -4 -4 -3 0 0 1  16.25   9.38
 -4 -4  3 0 0 1  16.25   9.38
 -4 -3 -4 0 0 1  16.25   9.38
 -4 -3  4 0 0 1  16.25   9.38
 -4  3 -4 0 0 1  16.25   9.38
 -4  3  4 0 0 1  16.25   9.38
 -4  4 -3 0 0 1  16.25   9.38
 -4  4  3 0 0 1  16.25   9.38
 -3 -4 -4 0 0 1  16.25   9.38
 -3 -4  4 0 0 1  16.25   9.38
 -3  4 -4 0 0 1  16.25   9.38
 -3  4  4 0 0 1  16.25   9.38
  3 -4 -4 0 0 1  16.25   9.38
  3 -4  4 0 0 1  16.25   9.38
  3  4 -4 0 0 1  16.25   9.38
  3  4  4 0 0 1  16.25   9.38
  4 -4 -3 0 0 1  16.25   9.38
  4 -4  3 0 0 1  16.25   9.38
  4 -3 -4 0 0 1  16.25   9.38
  4 -3  4 0 0 1  16.25   9.38
  4  3 -4 0 0 1  16.25   9.38
  4  3  4 0 0 1  16.25   9.38
  4  4 -3 0 0 1  16.25   9.38
  4  4  3 0 0 1  16.25   9.38
 -5 -3 -3 0 0 1  16.49   9.80
 -5 -3  3 0 0 1  16.49   9.80
 -5  3 -3 0 0 1  16.49   9.80
 -5  3  3 0 0 1  16.49   9.80
 -3 -5 -3 0 0 1  16.49   9.80
 -3 -5  3 0 0 1  16.49   9.80
 -3 -3 -5 0 0 1  16.49   9.80
 -3 -3  5 0 0 1  16.49   9.80
 -3  3 -5 0 0 1  16.49   9.80
 -3  3  5 0 0 1  16.49   9.80
 -3  5 -3 0 0 1  16.49   9.80
 -3  5  3 0 0 1  16.49   9.80
  3 -5 -3 0 0 1  16.49   9.80
  3 -5  3 0 0 1  16.49   9.80
  3 -3 -5 0 0 1  16.49   9.80
  3 -3  5 0 0 1  16.49   9.80
  3  3 -5 0 0 1  16.49   9.80
  3  3  5 0 0 1  16.49   9.80
  3  5 -3 0 0 1  16.49   9.80
  3  5  3 0 0 1  16.49   9.80
  5 -3 -3 0 0 1  16.49   9.80
  5 -3  3 0 0 1  16.49   9.80
  5  3 -3 0 0 1  16.49   9.80
  5  3  3 0 0 1  16.49   9.80
 -6  0  0 0 0 1  14.28  10.00
  0 -6  0 0 0 1  14.28  10.00
  0  0 -6 0 0 1  14.28  10.00
  0  0  6 0 0 1  14.28  10.00
  0  6  0 0 0 1  14.28  10.00
  6  0  0 0 0 1  14.28  10.00
 -6 -1  0 0 0 1  14.70  10.00
 -6  0 -1 0 0 1  14.70  10.00
 -6  0  1 0 0 1  14.70  10.00
 -6  1  0 0 0 1  14.70  10.00
 -1 -6  0 0 0 1  14.70  10.00
 -1  0 -6 0 0 1  14.70  10.00
 -1  0  6 0 0 1  14.70  10.00
 -1  6  0 0 0 1  14.70  10.00
  0 -6 -1 0 0 1  14.70  10.00
  0 -6  1 0 0 1  14.70  10.00
  0 -1 -6 0 0 1  14.70  10.00
  0 -1  6 0 0 1  14.70  10.00
  0  1 -6 0 0 1  14.70  10.00
  0  1  6 0 0 1  14.70  10.00
  0  6 -1 0 0 1  14.70  10.00
  0  6  1 0 0 1  14.70  10.00
  1 -6  0 0 0 1  14.70  10.00
  1  0 -6 0 0 1  14.70  10.00
  1  0  6 0 0 1  14.70  10.00
  1  6  0 0 0 1  14.70  10.00
  6 -1  0 0 0 1  14.70  10.00
  6  0 -1 0 0 1  14.70  10.00
  6  0  1 0 0 1  14.70  10.00
  6  1  0 0 0 1  14.70  10.00
 -6 -1 -1 0 0 1  15.10  10.00
 -6 -1  1 0 0 1  15.10  10.00
 -6  1 -1 0 0 1  15.10  10.00
 -6  1  1 0 0 1  15.10  10.00
 -1 -6 -1 0 0 1  15.10  10.00
 -1 -6  1 0 0 1  15.10  10.00
 -1 -1 -6 0 0 1  15.10  10.00
 -1 -1  6 0 0 1  15.10  10.00
 -1  1 -6 0 0 1  15.10  10.00
 -1  1  6 0 0 1  15.10  10.00
 -1  6 -1 0 0 1  15.10  10.00
 -1  6  1 0 0 1  15.10  10.00
  1 -6 -1 0 0 1  15.10  10.00
  1 -6  1 0 0 1  15.10  10.00
  1 -1 -6 0 0 1  15.10  10.00
  1 -1  6 0 0 1  15.10  10.00
  1  1 -6 0 0 1  15.10  10.00
  1  1  6 0 0 1  15.10  10.00
  1  6 -1 0 0 1  15.10  10.00
  1  6  1 0 0 1  15.10  10.00
  6 -1 -1 0 0 1  15.10  10.00
  6 -1  1 0 0 1  15.10  10.00
  6  1 -1 0 0 1  15.10  10.00
  6  1  1 0 0 1  15.10  10.00
 -5 -4  0 0 0 1  15.75  10.00
 -5  0 -4 0 0 1  15.75  10.00
 -5  0  4 0 0 1  15.75  10.00
 -5  4  0 0 0 1  15.75  10.00
 -4 -5  0 0 0 1  15.75  10.00
 -4  0 -5 0 0 1  15.75  10.00
 -4  0  5 0 0 1  15.75  10.00
 -4  5  0 0 0 1  15.75  10.00
  0 -5 -4 0 0 1  15.75  10.00
  0 -5  4 0 0 1  15.75  10.00
  0 -4 -5 0 0 1  15.75  10.00
  0 -4  5 0 0 1  15.75  10.00
  0  4 -5 0 0 1  15.75  10.00
  0  4  5 0 0 1  15.75  10.00
  0  5 -4 0 0 1  15.75  10.00
  0  5  4 0 0 1  15.75  10.00
  4 -5  0 0 0 1  15.75  10.00
  4  0 -5 0 0 1  15.75  10.00
  4  0  5 0 0 1  15.75  10.00
  4  5  0 0 0 1  15.75  10.00
  5 -4  0 0 0 1  15.75  10.00
  5  0 -4 0 0 1  15.75  10.00
  5  0  4 0 0 1  15.75  10.00
  5  4  0 0 0 1  15.75  10.00
 -5 -4 -1 0 0 1  16.12  10.00
 -5 -4  1 0 0 1  16.12  10.00
 -5 -1 -4 0 0 1  16.12  10.00
 -5 -1  4 0 0 1  16.12  10.00
 -5  1 -4 0 0 1  16.12  10.00
 -5  1  4 0 0 1  16.12  10.00
 -5  4 -1 0 0 1  16.12  10.00
 -5  4  1 0 0 1  16.12  10.00
 -4 -5 -1 0 0 1  16.12  10.00
 -4 -5  1 0 0 1  16.12  10.00
 -4 -1 -5 0 0 1  16.12  10.00
 -4 -1  5 0 0 1  16.12  10.00
 -4  1 -5 0 0 1  16.12  10.00
 -4  1  5 0 0 1  16.12  10.00
 -4  5 -1 0 0 1  16.12  10.00
 -4  5  1 0 0 1  16.12  10.00
 -1 -5 -4 0 0 1  16.12  10.00
 -1 -5  4 0 0 1  16.12  10.00
 -1 -4 -5 0 0 1  16.12  10.00
 -1 -4  5 0 0 1  16.12  10.00
 -1  4 -5 0 0 1  16.12  10.00
 -1  4  5 0 0 1  16.12  10.00
 -1  5 -4 0 0 1  16.12  10.00
 -1  5  4 0 0 1  16.12  10.00
  1 -5 -4 0 0 1  16.12  10.00
  1 -5  4 0 0 1  16.12  10.00
  1 -4 -5 0 0 1  16.12  10.00
  1 -4  5 0 0 1  16.12  10.00
  1  4 -5 0 0 1  16.12  10.00
  1  4  5 0 0 1  16.12  10.00
  1  5 -4 0 0 1  16.12  10.00
  1  5  4 0 0 1  16.12  10.00
  4 -5 -1 0 0 1  16.12  10.00
  4 -5  1 0 0 1  16.12  10.00
  4 -1 -5 0 0 1  16.12  10.00
  4 -1  5 0 0 1  16.12  10.00
  4  1 -5 0 0 1  16.12  10.00
  4  1  5 0 0 1  16.12  10.00
  4  5 -1 0 0 1  16.12  10.00
  4  5  1 0 0 1  16.12  10.00
  5 -4 -1 0 0 1  16.12  10.00
  5 -4  1 0 0 1  16.12  10.00
  5 -1 -4 0 0 1  16.12  10.00
  5 -1  4 0 0 1  16.12  10.00
  5  1 -4 0 0 1  16.12  10.00
  5  1  4 0 0 1  16.12  10.00
  5  4 -1 0 0 1  16.12  10.00
  5  4  1 0 0 1  16.12  10.00
 -6 -2  0 0 0 1  15.36  10.20
 -6  0 -2 0 0 1  15.36  10.20
 -6  0  2 0 0 1  15.36  10.20
 -6  2  0 0 0 1  15.36  10.20
 -2 -6  0 0 0 1  15.36  10.20
 -2  0 -6 0 0 1  15.36  10.20
 -2  0  6 0 0 1  15.36  10.20
 -2  6  0 0 0 1  15.36  10.20
  0 -6 -2 0 0 1  15.36  10.20
  0 -6  2 0 0 1  15.36  10.20
  0 -2 -6 0 0 1  15.36  10.20
  0 -2  6 0 0 1  15.36  10.20
  0  2 -6 0 0 1  15.36  10.20
  0  2  6 0 0 1  15.36  10.20
  0  6 -2 0 0 1  15.36  10.20
  0  6  2 0 0 1  15.36  10.20
  2 -6  0 0 0 1  15.36  10.20
  2  0 -6 0 0 1  15.36  10.20
  2  0  6 0 0 1  15.36  10.20
  2  6  0 0 0 1  15.36  10.20
  6 -2  0 0 0 1  15.36  10.20
  6  0 -2 0 0 1  15.36  10.20
  6  0  2 0 0 1  15.36  10.20
  6  2  0 0 0 1  15.36  10.20
 -6 -2 -1 0 0 1  15.75  10.20
 -6 -2  1 0 0 1  15.75  10.20
 -6 -1 -2 0 0 1  15.75  10.20
 -6 -1  2 0 0 1  15.75  10.20
 -6  1 -2 0 0 1  15.75  10.20
 -6  1  2 0 0 1  15.75  10.20
 -6  2 -1 0 0 1  15.75  10.20
 -6  2  1 0 0 1  15.75  10.20
 -2 -6 -1 0 0 1  15.75  10.20
 -2 -6  1 0 0 1  15.75  10.20
 -2 -1 -6 0 0 1  15.75  10.20
 -2 -1  6 0 0 1  15.75  10.20
 -2  1 -6 0 0 1  15.75  10.20
 -2  1  6 0 0 1  15.75  10.20
 -2  6 -1 0 0 1  15.75  10.20
 -2  6  1 0 0 1  15.75  10.20
 -1 -6 -2 0 0 1  15.75  10.20
 -1 -6  2 0 0 1  15.75  10.20
 -1 -2 -6 0 0 1  15.75  10.20
 -1 -2  6 0 0 1  15.75  10.20
 -1  2 -6 0 0 1  15.75  10.20
 -1  2  6 0 0 1  15.75  10.20
 -1  6 -2 0 0 1  15.75  10.20
 -1  6  2 0 0 1  15.75  10.20
  1 -6 -2 0 0 1  15.75  10.20
  1 -6  2 0 0 1  15.75  10.20
  1 -2 -6 0 0 1  15.75  10.20
  1 -2  6 0 0 1  15.75  10.20
  1  2 -6 0 0 1  15.75  10.20
  1  2  6 0 0 1  15.75  10.20
  1  6 -2 0 0 1  15.75  10.20
  1  6  2 0 0 1  15.75  10.20
  2 -6 -1 0 0 1  15.75  10.20
  2 -6  1 0 0 1  15.75  10.20
  2 -1 -6 0 0 1  15.75  10.20
  2 -1  6 0 0 1  15.75  10.20
  2  1 -6 0 0 1  15.75  10.20
  2  1  6 0 0 1  15.75  10.20
  2  6 -1 0 0 1  15.75  10.20
  2  6  1 0 0 1  15.75  10.20
  6 -2 -1 0 0 1  15.75  10.20
  6 -2  1 0 0 1  15.75  10.20
  6 -1 -2 0 0 1  15.75  10.20
  6 -1  2 0 0 1  15.75  10.20
  6  1 -2 0 0 1  15.75  10.20
  6  1  2 0 0 1  15.75  10.20
  6  2 -1 0 0 1  15.75  10.20
  6  2  1 0 0 1  15.75  10.20
 -5 -4 -2 0 0 1  16.73  10.20
 -5 -4  2 0 0 1  16.73  10.20
 -5 -2 -4 0 0 1  16.73  10.20
 -5 -2  4 0 0 1  16.73  10.20
 -5  2 -4 0 0 1  16.73  10.20
 -5  2  4 0 0 1  16.73  10.20
 -5  4 -2 0 0 1  16.73  10.20
 -5  4  2 0 0 1  16.73  10.20
 -4 -5 -2 0 0 1  16.73  10.20
 -4 -5  2 0 0 1  16.73  10.20
 -4 -2 -5 0 0 1  16.73  10.20
 -4 -2  5 0 0 1  16.73  10.20
 -4  2 -5 0 0 1  16.73  10.20
 -4  2  5 0 0 1  16.73  10.20
 -4  5 -2 0 0 1  16.73  10.20
 -4  5  2 0 0 1  16.73  10.20
 -2 -5 -4 0 0 1  16.73  10.20
 -2 -5  4 0 0 1  16.73  10.20
 -2 -4 -5 0 0 1  16.73  10.20
 -2 -4  5 0 0 1  16.73  10.20
 -2  4 -5 0 0 1  16.73  10.20
 -2  4  5 0 0 1  16.73  10.20
 -2  5 -4 0 0 1  16.73  10.20
 -2  5  4 0 0 1  16.73  10.20
  2 -5 -4 0 0 1  16.73  10.20
  2 -5  4 0 0 1  16.73  10.20
  2 -4 -5 0 0 1  16.73  10.20
  2 -4  5 0 0 1  16.73  10.20
  2  4 -5 0 0 1  16.73  10.20
  2  4  5 0 0 1  16.73  10.20
  2  5 -4 0 0 1  16.73  10.20
  2  5  4 0 0 1  16.73  10.20
  4 -5 -2 0 0 1  16.73  10.20
  4 -5  2 0 0 1  16.73  10.20
  4 -2 -5 0 0 1  16.73  10.20
  4 -2  5 0 0 1  16.73  10.20
  4  2 -5 0 0 1  16.73  10.20
  4  2  5 0 0 1  16.73  10.20
  4  5 -2 0 0 1  16.73  10.20
  4  5  2 0 0 1  16.73  10.20
  5 -4 -2 0 0 1  16.73  10.20
  5 -4  2 0 0 1  16.73  10.20
  5 -2 -4 0 0 1  16.73  10.20
  5 -2  4 0 0 1  16.73  10.20
  5  2 -4 0 0 1  16.73  10.20
  5  2  4 0 0 1  16.73  10.20
  5  4 -2 0 0 1  16.73  10.20
  5  4  2 0 0 1  16.73  10.20
 -6 -2 -2 0 0 1  16.37  10.39
 -6 -2  2 0 0 1  16.37  10.39
 -6  2 -2 0 0 1  16.37  10.39
 -6  2  2 0 0 1  16.37  10.39
 -2 -6 -2 0 0 1  16.37  10.39
 -2 -6  2 0 0 1  16.37  10.39
 -2 -2 -6 0 0 1  16.37  10.39
 -2 -2  6 0 0 1  16.37  10.39
 -2  2 -6 0 0 1  16.37  10.39
 -2  2  6 0 0 1  16.37  10.39
 -2  6 -2 0 0 1  16.37  10.39
 -2  6  2 0 0 1  16.37  10.39
  2 -6 -2 0 0 1  16.37  10.39
  2 -6  2 0 0 1  16.37  10.39
  2 -2 -6 0 0 1  16.37  10.39
  2 -2  6 0 0 1  16.37  10.39
  2  2 -6 0 0 1  16.37  10.39
  2  2  6 0 0 1  16.37  10.39
  2  6 -2 0 0 1  16.37  10.39
  2  6  2 0 0 1  16.37  10.39
  6 -2 -2 0 0 1  16.37  10.39
  6 -2  2 0 0 1  16.37  10.39
  6  2 -2 0 0 1  16.37  10.39
  6  2  2 0 0 1  16.37  10.39
 -4 -4 -4 0 0 1  17.32  10.39
 -4 -4  4 0 0 1  17.32  10.39
 -4  4 -4 0 0 1  17.32  10.39
 -4  4  4 0 0 1  17.32  10.39
  4 -4 -4 0 0 1  17.32  10.39
  4 -4  4 0 0 1  17.32  10.39
  4  4 -4 0 0 1  17.32  10.39
  4  4  4 0 0 1  17.32  10.39
 -6 -3  0 0 0 1  16.25  10.77
 -6  0 -3 0 0 1  16.25  10.77
 -6  0  3 0 0 1  16.25  10.77
 -6  3  0 0 0 1  16.25  10.77
 -3 -6  0 0 0 1  16.25  10.77
 -3  0 -6 0 0 1  16.25  10.77
 -3  0  6 0 0 1  16.25  10.77
 -3  6  0 0 0 1  16.25  10.77
  0 -6 -3 0 0 1  16.25  10.77
  0 -6  3 0 0 1  16.25  10.77
  0 -3 -6 0 0 1  16.25  10.77
  0 -3  6 0 0 1  16.25  10.77
  0  3 -6 0 0 1  16.25  10.77
  0  3  6 0 0 1  16.25  10.77
  0  6 -3 0 0 1  16.25  10.77
  0  6  3 0 0 1  16.25  10.77
  3 -6  0 0 0 1  16.25  10.77
  3  0 -6 0 0 1  16.25  10.77
  3  0  6 0 0 1  16.25  10.77
  3  6  0 0 0 1  16.25  10.77
  6 -3  0 0 0 1  16.25  10.77
  6  0 -3 0 0 1  16.25  10.77
  6  0  3 0 0 1  16.25  10.77
  6  3  0 0 0 1  16.25  10.77
 -6 -3 -1 0 0 1  16.61  10.77
 -6 -3  1 0 0 1  16.61  10.77
 -6 -1 -3 0 0 1  16.61  10.77
 -6 -1  3 0 0 1  16.61  10.77
 -6  1 -3 0 0 1  16.61  10.77
 -6  1  3 0 0 1  16.61  10.77
 -6  3 -1 0 0 1  16.61  10.77
 -6  3  1 0 0 1  16.61  10.77
 -3 -6 -1 0 0 1  16.61  10.77
 -3 -6  1 0 0 1  16.61  10.77
 -3 -1 -6 0 0 1  16.61  10.77
 -3 -1  6 0 0 1  16.61  10.77
 -3  1 -6 0 0 1  16.61  10.77
 -3  1  6 0 0 1  16.61  10.77
 -3  6 -1 0 0 1  16.61  10.77
 -3  6  1 0 0 1  16.61  10.77
 -1 -6 -3 0 0 1  16.61  10.77
 -1 -6  3 0 0 1  16.61  10.77
 -1 -3 -6 0 0 1  16.61  10.77
 -1 -3  6 0 0 1  16.61  10.77
 -1  3 -6 0 0 1  16.61  10.77
 -1  3  6 0 0 1  16.61  10.77
 -1  6 -3 0 0 1  16.61  10.77
 -1  6  3 0 0 1  16.61  10.77
  1 -6 -3 0 0 1  16.61  10.77
  1 -6  3 0 0 1  16.61  10.77
  1 -3 -6 0 0 1  16.61  10.77
  1 -3  6 0 0 1  16.61  10.77
  1  3 -6 0 0 1  16.61  10.77
  1  3  6 0 0 1  16.61  10.77
  1  6 -3 0 0 1  16.61  10.77
  1  6  3 0 0 1  16.61  10.77
  3 -6 -1 0 0 1  16.61  10.77
  3 -6  1 0 0 1  16.61  10.77
  3 -1 -6 0 0 1  16.61  10.77
  3 -1  6 0 0 1  16.61  10.77
  3  1 -6 0 0 1  16.61  10.77
  3  1  6 0 0 1  16.61  10.77
  3  6 -1 0 0 1  16.61  10.77
  3  6  1 0 0 1  16.61  10.77
  6 -3 -1 0 0 1  16.61  10.77
  6 -3  1 0 0 1  16.61  10.77
  6 -1 -3 0 0 1  16.61  10.77
  6 -1  3 0 0 1  16.61  10.77
  6  1 -3 0 0 1  16.61  10.77
  6  1  3 0 0 1  16.61  10.77
  6  3 -1 0 0 1  16.61  10.77
  6  3  1 0 0 1  16.61  10.77
 -5 -4 -3 0 0 1  17.55  10.77
 -5 -4  3 0 0 1  17.55  10.77
 -5 -3 -4 0 0 1  17.55  10.77
 -5 -3  4 0 0 1  17.55  10.77
 -5  3 -4 0 0 1  17.55  10.77
 -5  3  4 0 0 1  17.55  10.77
 -5  4 -3 0 0 1  17.55  10.77
 -5  4  3 0 0 1  17.55  10.77
 -4 -5 -3 0 0 1  17.55  10.77
 -4 -5  3 0 0 1  17.55  10.77
 -4 -3 -5 0 0 1  17.55  10.77
 -4 -3  5 0 0 1  17.55  10.77
 -4  3 -5 0 0 1  17.55  10.77
 -4  3  5 0 0 1  17.55  10.77
 -4  5 -3 0 0 1  17.55  10.77
 -4  5  3 0 0 1  17.55  10.77
 -3 -5 -4 0 0 1  17.55  10.77
 -3 -5  4 0 0 1  17.55  10.77
 -3 -4 -5 0 0 1  17.55  10.77
 -3 -4  5 0 0 1  17.55  10.77
 -3  4 -5 0 0 1  17.55  10.77
 -3  4  5 0 0 1  17.55  10.77
 -3  5 -4 0 0 1  17.55  10.77
 -3  5  4 0 0 1  17.55  10.77
  3 -5 -4 0 0 1  17.55  10.77
  3 -5  4 0 0 1  17.55  10.77
  3 -4 -5 0 0 1  17.55  10.77
  3 -4  5 0 0 1  17.55  10.77
  3  4 -5 0 0 1  17.55  10.77
  3  4  5 0 0 1  17.55  10.77
  3  5 -4 0 0 1  17.55  10.77
  3  5  4 0 0 1  17.55  10.77
  4 -5 -3 0 0 1  17.55  10.77
  4 -5  3 0 0 1  17.55  10.77
  4 -3 -5 0 0 1  17.55  10.77
  4 -3  5 0 0 1  17.55  10.77
  4  3 -5 0 0 1  17.55  10.77
  4  3  5 0 0 1  17.55  10.77
  4  5 -3 0 0 1  17.55  10.77
  4  5  3 0 0 1  17.55  10.77
  5 -4 -3 0 0 1  17.55  10.77
  5 -4  3 0 0 1  17.55  10.77
  5 -3 -4 0 0 1  17.55  10.77
  5 -3  4 0 0 1  17.55  10.77
  5  3 -4 0 0 1  17.55  10.77
  5  3  4 0 0 1  17.55  10.77
  5  4 -3 0 0 1  17.55  10.77
  5  4  3 0 0 1  17.55  10.77
 -6 -3 -2 0 0 1  17.20  10.95
 -6 -3  2 0 0 1  17.20  10.95
 -6 -2 -3 0 0 1  17.20  10.95
 -6 -2  3 0 0 1  17.20  10.95
 -6  2 -3 0 0 1  17.20  10.95
 -6  2  3 0 0 1  17.20  10.95
 -6  3 -2 0 0 1  17.20  10.95
 -6  3  2 0 0 1  17.20  10.95
 -3 -6 -2 0 0 1  17.20  10.95
 -3 -6  2 0 0 1  17.20  10.95
 -3 -2 -6 0 0 1  17.20  10.95
 -3 -2  6 0 0 1  17.20  10.95
 -3  2 -6 0 0 1  17.20  10.95
 -3  2  6 0 0 1  17.20  10.95
 -3  6 -2 0 0 1  17.20  10.95
 -3  6  2 0 0 1  17.20  10.95
 -2 -6 -3 0 0 1  17.20  10.95
 -2 -6  3 0 0 1  17.20  10.95
 -2 -3 -6 0 0 1  17.20  10.95
 -2 -3  6 0 0 1  17.20  10.95
 -2  3 -6 0 0 1  17.20  10.95
 -2  3  6 0 0 1  17.20  10.95
 -2  6 -3 0 0 1  17.20  10.95
 -2  6  3 0 0 1  17.20  10.95
  2 -6 -3 0 0 1  17.20  10.95
  2 -6  3 0 0 1  17.20  10.95
  2 -3 -6 0 0 1  17.20  10.95
  2 -3  6 0 0 1  17.20  10.95
  2  3 -6 0 0 1  17.20  10.95
  2  3  6 0 0 1  17.20  10.95
  2  6 -3 0 0 1  17.20  10.95
  2  6  3 0 0 1  17.20  10.95
  3 -6 -2 0 0 1  17.20  10.95
  3 -6  2 0 0 1  17.20  10.95
  3 -2 -6 0 0 1  17.20  10.95
  3 -2  6 0 0 1  17.20  10.95
  3  2 -6 0 0 1  17.20  10.95
  3  2  6 0 0 1  17.20  10.95
  3  6 -2 0 0 1  17.20  10.95
  3  6  2 0 0 1  17.20  10.95
  6 -3 -2 0 0 1  17.20  10.95
  6 -3  2 0 0 1  17.20  10.95
  6 -2 -3 0 0 1  17.20  10.95
  6 -2  3 0 0 1  17.20  10.95
  6  2 -3 0 0 1  17.20  10.95
  6  2  3 0 0 1  17.20  10.95
  6  3 -2 0 0 1  17.20  10.95
  6  3  2 0 0 1  17.20  10.95
 -5 -5  0 0 0 1  17.09  11.31
 -5  0 -5 0 0 1  17.09  11.31
 -5  0  5 0 0 1  17.09  11.31
 -5  5  0 0 0 1  17.09  11.31
  0 -5 -5 0 0 1  17.09  11.31
  0 -5  5 0 0 1  17.09  11.31
  0  5 -5 0 0 1  17.09  11.31
  0  5  5 0 0 1  17.09  11.31
  5 -5  0 0 0 1  17.09  11.31
  5  0 -5 0 0 1  17.09  11.31
  5  0  5 0 0 1  17.09  11.31
  5  5  0 0 0 1  17.09  11.31
 -5 -5 -1 0 0 1  17.44  11.31
 -5 -5  1 0 0 1  17.44  11.31
 -5 -1 -5 0 0 1  17.44  11.31
 -5 -1  5 0 0 1  17.44  11.31
 -5  1 -5 0 0 1  17.44  11.31
 -5  1  5 0 0 1  17.44  11.31
 -5  5 -1 0 0 1  17.44  11.31
 -5  5  1 0 0 1  17.44  11.31
 -1 -5 -5 0 0 1  17.44  11.31
 -1 -5  5 0 0 1  17.44  11.31
 -1  5 -5 0 0 1  17.44  11.31
 -1  5  5 0 0 1  17.44  11.31
  1 -5 -5 0 0 1  17.44  11.31
  1 -5  5 0 0 1  17.44  11.31
  1  5 -5 0 0 1  17.44  11.31
  1  5  5 0 0 1  17.44  11.31
  5 -5 -1 0 0 1  17.44  11.31
  5 -5  1 0 0 1  17.44  11.31
  5 -1 -5 0 0 1  17.44  11.31
  5 -1  5 0 0 1  17.44  11.31
  5  1 -5 0 0 1  17.44  11.31
  5  1  5 0 0 1  17.44  11.31
  5  5 -1 0 0 1  17.44  11.31
  5  5  1 0 0 1  17.44  11.31
 -6 -3 -3 0 0 1  18.00  11.49
 -6 -3  3 0 0 1  18.00  11.49
 -6  3 -3 0 0 1  18.00  11.49
 -6  3  3 0 0 1  18.00  11.49
 -5 -5 -2 0 0 1  18.00  11.49
 -5 -5  2 0 0 1  18.00  11.49
 -5 -2 -5 0 0 1  18.00  11.49
 -5 -2  5 0 0 1  18.00  11.49
 -5  2 -5 0 0 1  18.00  11.49
 -5  2  5 0 0 1  18.00  11.49
 -5  5 -2 0 0 1  18.00  11.49
 -5  5  2 0 0 1  18.00  11.49
 -3 -6 -3 0 0 1  18.00  11.49
 -3 -6  3 0 0 1  18.00  11.49
 -3 -3 -6 0 0 1  18.00  11.49
 -3 -3  6 0 0 1  18.00  11.49
 -3  3 -6 0 0 1  18.00  11.49
 -3  3  6 0 0 1  18.00  11.49
 -3  6 -3 0 0 1  18.00  11.49
 -3  6  3 0 0 1  18.00  11.49
 -2 -5 -5 0 0 1  18.00  11.49
 -2 -5  5 0 0 1  18.00  11.49
 -2  5 -5 0 0 1  18.00  11.49
 -2  5  5 0 0 1  18.00  11.49
  2 -5 -5 0 0 1  18.00  11.49
  2 -5  5 0 0 1  18.00  11.49
  2  5 -5 0 0 1  18.00  11.49
  2  5  5 0 0 1  18.00  11.49
  3 -6 -3 0 0 1  18.00  11.49
  3 -6  3 0 0 1  18.00  11.49
  3 -3 -6 0 0 1  18.00  11.49
  3 -3  6 0 0 1  18.00  11.49
  3  3 -6 0 0 1  18.00  11.49
  3  3  6 0 0 1  18.00  11.49
  3  6 -3 0 0 1  18.00  11.49
  3  6  3 0 0 1  18.00  11.49
  5 -5 -2 0 0 1  18.00  11.49
  5 -5  2 0 0 1  18.00  11.49
  5 -2 -5 0 0 1  18.00  11.49
  5 -2  5 0 0 1  18.00  11.49
  5  2 -5 0 0 1  18.00  11.49
  5  2  5 0 0 1  18.00  11.49
  5  5 -2 0 0 1  18.00  11.49
  5  5  2 0 0 1  18.00  11.49
  6 -3 -3 0 0 1  18.00  11.49
  6 -3  3 0 0 1  18.00  11.49
  6  3 -3 0 0 1  18.00  11.49
  6  3  3 0 0 1  18.00  11.49
 -6 -4  0 0 0 1  17.32  11.66
 -6  0 -4 0 0 1  17.32  11.66
 -6  0  4 0 0 1  17.32  11.66
 -6  4  0 0 0 1  17.32  11.66
 -4 -6  0 0 0 1  17.32  11.66
 -4  0 -6 0 0 1  17.32  11.66
 -4  0  6 0 0 1  17.32  11.66
 -4  6  0 0 0 1  17.32  11.66
  0 -6 -4 0 0 1  17.32  11.66
  0 -6  4 0 0 1  17.32  11.66
  0 -4 -6 0 0 1  17.32  11.66
  0 -4  6 0 0 1  17.32  11.66
  0  4 -6 0 0 1  17.32  11.66
  0  4  6 0 0 1  17.32  11.66
  0  6 -4 0 0 1  17.32  11.66
  0  6  4 0 0 1  17.32  11.66
  4 -6  0 0 0 1  17.32  11.66
  4  0 -6 0 0 1  17.32  11.66
  4  0  6 0 0 1  17.32  11.66
  4  6  0 0 0 1  17.32  11.66
  6 -4  0 0 0 1  17.32  11.66
  6  0 -4 0 0 1  17.32  11.66
  6  0  4 0 0 1  17.32  11.66
  6  4  0 0 0 1  17.32  11.66
 -6 -4 -1 0 0 1  17.66  11.66
 -6 -4  1 0 0 1  17.66  11.66
 -6 -1 -4 0 0 1  17.66  11.66
 -6 -1  4 0 0 1  17.66  11.66
 -6  1 -4 0 0 1  17.66  11.66
 -6  1  4 0 0 1  17.66  11.66
 -6  4 -1 0 0 1  17.66  11.66
 -6  4  1 0 0 1  17.66  11.66
 -4 -6 -1 0 0 1  17.66  11.66
 -4 -6  1 0 0 1  17.66  11.66
 -4 -1 -6 0 0 1  17.66  11.66
 -4 -1  6 0 0 1  17.66  11.66
 -4  1 -6 0 0 1  17.66  11.66
 -4  1  6 0 0 1  17.66  11.66
 -4  6 -1 0 0 1  17.66  11.66
 -4  6  1 0 0 1  17.66  11.66
 -1 -6 -4 0 0 1  17.66  11.66
 -1 -6  4 0 0 1  17.66  11.66
 -1 -4 -6 0 0 1  17.66  11.66
 -1 -4  6 0 0 1  17.66  11.66
 -1  4 -6 0 0 1  17.66  11.66
 -1  4  6 0 0 1  17.66  11.66
 -1  6 -4 0 0 1  17.66  11.66
 -1  6  4 0 0 1  17.66  11.66
  1 -6 -4 0 0 1  17.66  11.66
  1 -6  4 0 0 1  17.66  11.66
  1 -4 -6 0 0 1  17.66  11.66
  1 -4  6 0 0 1  17.66  11.66
  1  4 -6 0 0 1  17.66  11.66
  1  4  6 0 0 1  17.66  11.66
  1  6 -4 0 0 1  17.66  11.66
  1  6  4 0 0 1  17.66  11.66
  4 -6 -1 0 0 1  17.66  11.66
  4 -6  1 0 0 1  17.66  11.66
  4 -1 -6 0 0 1  17.66  11.66
  4 -1  6 0 0 1  17.66  11.66
  4  1 -6 0 0 1  17.66  11.66
  4  1  6 0 0 1  17.66  11.66
  4  6 -1 0 0 1  17.66  11.66
  4  6  1 0 0 1  17.66  11.66
  6 -4 -1 0 0 1  17.66  11.66
  6 -4  1 0 0 1  17.66  11.66
  6 -1 -4 0 0 1  17.66  11.66
  6 -1  4 0 0 1  17.66  11.66
  6  1 -4 0 0 1  17.66  11.66
  6  1  4 0 0 1  17.66  11.66
  6  4 -1 0 0 1  17.66  11.66
  6  4  1 0 0 1  17.66  11.66
 -5 -4 -4 0 0 1  18.55  11.66
 -5 -4  4 0 0 1  18.55  11.66
 -5  4 -4 0 0 1  18.55  11.66
 -5  4  4 0 0 1  18.55  11.66
 -4 -5 -4 0 0 1  18.55  11.66
 -4 -5  4 0 0 1  18.55  11.66
 -4 -4 -5 0 0 1  18.55  11.66
 -4 -4  5 0 0 1  18.55  11.66
 -4  4 -5 0 0 1  18.55  11.66
 -4  4  5 0 0 1  18.55  11.66
 -4  5 -4 0 0 1  18.55  11.66
 -4  5  4 0 0 1  18.55  11.66
  4 -5 -4 0 0 1  18.55  11.66
  4 -5  4 0 0 1  18.55  11.66
  4 -4 -5 0 0 1  18.55  11.66
  4 -4  5 0 0 1  18.55  11.66
  4  4 -5 0 0 1  18.55  11.66
  4  4  5 0 0 1  18.55  11.66
  4  5 -4 0 0 1  18.55  11.66
  4  5  4 0 0 1  18.55  11.66
  5 -4 -4 0 0 1  18.55  11.66
  5 -4  4 0 0 1  18.55  11.66
  5  4 -4 0 0 1  18.55  11.66
  5  4  4 0 0 1  18.55  11.66
 -6 -4 -2 0 0 1  18.22  11.83
 -6 -4  2 0 0 1  18.22  11.83
 -6 -2 -4 0 0 1  18.22  11.83
 -6 -2  4 0 0 1  18.22  11.83
 -6  2 -4 0 0 1  18.22  11.83
 -6  2  4 0 0 1  18.22  11.83
 -6  4 -2 0 0 1  18.22  11.83
 -6  4  2 0 0 1  18.22  11.83
 -4 -6 -2 0 0 1  18.22  11.83
 -4 -6  2 0 0 1  18.22  11.83
 -4 -2 -6 0 0 1  18.22  11.83
 -4 -2  6 0 0 1  18.22  11.83
 -4  2 -6 0 0 1  18.22  11.83
 -4  2  6 0 0 1  18.22  11.83
 -4  6 -2 0 0 1  18.22  11.83
 -4  6  2 0 0 1  18.22  11.83
 -2 -6 -4 0 0 1  18.22  11.83
 -2 -6  4 0 0 1  18.22  11.83
 -2 -4 -6 0 0 1  18.22  11.83
 -2 -4  6 0 0 1  18.22  11.83
 -2  4 -6 0 0 1  18.22  11.83
 -2  4  6 0 0 1  18.22  11.83
 -2  6 -4 0 0 1  18.22  11.83
 -2  6  4 0 0 1  18.22  11.83
  2 -6 -4 0 0 1  18.22  11.83
  2 -6  4 0 0 1  18.22  11.83
  2 -4 -6 0 0 1  18.22  11.83
  2 -4  6 0 0 1  18.22  11.83
  2  4 -6 0 0 1  18.22  11.83
  2  4  6 0 0 1  18.22  11.83
  2  6 -4 0 0 1  18.22  11.83
  2  6  4 0 0 1  18.22  11.83
  4 -6 -2 0 0 1  18.22  11.83
  4 -6  2 0 0 1  18.22  11.83
  4 -2 -6 0 0 1  18.22  11.83
  4 -2  6 0 0 1  18.22  11.83
  4  2 -6 0 0 1  18.22  11.83
  4  2  6 0 0 1  18.22  11.83
  4  6 -2 0 0 1  18.22  11.83
  4  6  2 0 0 1  18.22  11.83
  6 -4 -2 0 0 1  18.22  11.83
  6 -4  2 0 0 1  18.22  11.83
  6 -2 -4 0 0 1  18.22  11.83
  6 -2  4 0 0 1  18.22  11.83
  6  2 -4 0 0 1  18.22  11.83
  6  2  4 0 0 1  18.22  11.83
  6  4 -2 0 0 1  18.22  11.83
  6  4  2 0 0 1  18.22  11.83
 -7  0  0 0 0 1  16.25  12.00
  0 -7  0 0 0 1  16.25  12.00
  0  0 -7 0 0 1  16.25  12.00
  0  0  7 0 0 1  16.25  12.00
  0  7  0 0 0 1  16.25  12.00
  7  0  0 0 0 1  16.25  12.00
 -7 -1  0 0 0 1  16.61  12.00
 -7  0 -1 0 0 1  16.61  12.00
 -7  0  1 0 0 1  16.61  12.00
 -7  1  0 0 0 1  16.61  12.00
 -1 -7  0 0 0 1  16.61  12.00
 -1  0 -7 0 0 1  16.61  12.00
 -1  0  7 0 0 1  16.61  12.00
 -1  7  0 0 0 1  16.61  12.00
  0 -7 -1 0 0 1  16.61  12.00
  0 -7  1 0 0 1  16.61  12.00
  0 -1 -7 0 0 1  16.61  12.00
  0 -1  7 0 0 1  16.61  12.00
  0  1 -7 0 0 1  16.61  12.00
  0  1  7 0 0 1  16.61  12.00
  0  7 -1 0 0 1  16.61  12.00
  0  7  1 0 0 1  16.61  12.00
  1 -7  0 0 0 1  16.61  12.00
  1  0 -7 0 0 1  16.61  12.00
  1  0  7 0 0 1  16.61  12.00
  1  7  0 0 0 1  16.61  12.00
  7 -1  0 0 0 1  16.61  12.00
  7  0 -1 0 0 1  16.61  12.00
  7  0  1 0 0 1  16.61  12.00
  7  1  0 0 0 1  16.61  12.00
 -7 -1 -1 0 0 1  16.97  12.00
 -7 -1  1 0 0 1  16.97  12.00
 -7  1 -1 0 0 1  16.97  12.00
 -7  1  1 0 0 1  16.97  12.00
 -1 -7 -1 0 0 1  16.97  12.00
 -1 -7  1 0 0 1  16.97  12.00
 -1 -1 -7 0 0 1  16.97  12.00
 -1 -1  7 0 0 1  16.97  12.00
 -1  1 -7 0 0 1  16.97  12.00
 -1  1  7 0 0 1  16.97  12.00
 -1  7 -1 0 0 1  16.97  12.00
 -1  7  1 0 0 1  16.97  12.00
  1 -7 -1 0 0 1  16.97  12.00
  1 -7  1 0 0 1  16.97  12.00
  1 -1 -7 0 0 1  16.97  12.00
  1 -1  7 0 0 1  16.97  12.00
  1  1 -7 0 0 1  16.97  12.00
  1  1  7 0 0 1  16.97  12.00
  1  7 -1 0 0 1  16.97  12.00
  1  7  1 0 0 1  16.97  12.00
  7 -1 -1 0 0 1  16.97  12.00
  7 -1  1 0 0 1  16.97  12.00
  7  1 -1 0 0 1  16.97  12.00
  7  1  1 0 0 1  16.97  12.00
 -5 -5 -3 0 0 1  18.76  12.00
 -5 -5  3 0 0 1  18.76  12.00
 -5 -3 -5 0 0 1  18.76  12.00
 -5 -3  5 0 0 1  18.76  12.00
 -5  3 -5 0 0 1  18.76  12.00
 -5  3  5 0 0 1  18.76  12.00
 -5  5 -3 0 0 1  18.76  12.00
 -5  5  3 0 0 1  18.76  12.00
 -3 -5 -5 0 0 1  18.76  12.00
 -3 -5  5 0 0 1  18.76  12.00
 -3  5 -5 0 0 1  18.76  12.00
 -3  5  5 0 0 1  18.76  12.00
  3 -5 -5 0 0 1  18.76  12.00
  3 -5  5 0 0 1  18.76  12.00
  3  5 -5 0 0 1  18.76  12.00
  3  5  5 0 0 1  18.76  12.00
  5 -5 -3 0 0 1  18.76  12.00
  5 -5  3 0 0 1  18.76  12.00
  5 -3 -5 0 0 1  18.76  12.00
  5 -3  5 0 0 1  18.76  12.00
  5  3 -5 0 0 1  18.76  12.00
  5  3  5 0 0 1  18.76  12.00
  5  5 -3 0 0 1  18.76  12.00
  5  5  3 0 0 1  18.76  12.00
 -7 -2  0 0 0 1  17.20  12.17
 -7  0 -2 0 0 1  17.20  12.17
 -7  0  2 0 0 1  17.20  12.17
 -7  2  0 0 0 1  17.20  12.17
 -2 -7  0 0 0 1  17.20  12.17
 -2  0 -7 0 0 1  17.20  12.17
 -2  0  7 0 0 1  17.20  12.17
 -2  7  0 0 0 1  17.20  12.17
  0 -7 -2 0 0 1  17.20  12.17
  0 -7  2 0 0 1  17.20  12.17
  0 -2 -7 0 0 1  17.20  12.17
  0 -2  7 0 0 1  17.20  12.17
  0  2 -7 0 0 1  17.20  12.17
  0  2  7 0 0 1  17.20  12.17
  0  7 -2 0 0 1  17.20  12.17
  0  7  2 0 0 1  17.20  12.17
  2 -7  0 0 0 1  17.20  12.17
  2  0 -7 0 0 1  17.20  12.17
  2  0  7 0 0 1  17.20  12.17
  2  7  0 0 0 1  17.20  12.17
  7 -2  0 0 0 1  17.20  12.17
  7  0 -2 0 0 1  17.20  12.17
  7  0  2 0 0 1  17.20  12.17
  7  2  0 0 0 1  17.20  12.17
 -7 -2 -1 0 0 1  17.55  12.17
 -7 -2  1 0 0 1  17.55  12.17
 -7 -1 -2 0 0 1  17.55  12.17
 -7 -1  2 0 0 1  17.55  12.17
 -7  1 -2 0 0 1  17.55  12.17
 -7  1  2 0 0 1  17.55  12.17
 -7  2 -1 0 0 1  17.55  12.17
 -7  2  1 0 0 1  17.55  12.17
 -2 -7 -1 0 0 1  17.55  12.17
 -2 -7  1 0 0 1  17.55  12.17
 -2 -1 -7 0 0 1  17.55  12.17
 -2 -1  7 0 0 1  17.55  12.17
 -2  1 -7 0 0 1  17.55  12.17
 -2  1  7 0 0 1  17.55  12.17
 -2  7 -1 0 0 1  17.55  12.17
 -2  7  1 0 0 1  17.55  12.17
 -1 -7 -2 0 0 1  17.55  12.17
 -1 -7  2 0 0 1  17.55  12.17
 -1 -2 -7 0 0 1  17.55  12.17
 -1 -2  7 0 0 1  17.55  12.17
 -1  2 -7 0 0 1  17.55  12.17
 -1  2  7 0 0 1  17.55  12.17
 -1  7 -2 0 0 1  17.55  12.17
 -1  7  2 0 0 1  17.55  12.17
  1 -7 -2 0 0 1  17.55  12.17
  1 -7  2 0 0 1  17.55  12.17
  1 -2 -7 0 0 1  17.55  12.17
  1 -2  7 0 0 1  17.55  12.17
  1  2 -7 0 0 1  17.55  12.17
  1  2  7 0 0 1  17.55  12.17
  1  7 -2 0 0 1  17.55  12.17
  1  7  2 0 0 1  17.55  12.17
  2 -7 -1 0 0 1  17.55  12.17
  2 -7  1 0 0 1  17.55  12.17
  2 -1 -7 0 0 1  17.55  12.17
  2 -1  7 0 0 1  17.55  12.17
  2  1 -7 0 0 1  17.55  12.17
  2  1  7 0 0 1  17.55  12.17
  2  7 -1 0 0 1  17.55  12.17
  2  7  1 0 0 1  17.55  12.17
  7 -2 -1 0 0 1  17.55  12.17
  7 -2  1 0 0 1  17.55  12.17
  7 -1 -2 0 0 1  17.55  12.17
  7 -1  2 0 0 1  17.55  12.17
  7  1 -2 0 0 1  17.55  12.17
  7  1  2 0 0 1  17.55  12.17
  7  2 -1 0 0 1  17.55  12.17
  7  2  1 0 0 1  17.55  12.17
 -7 -2 -2 0 0 1  18.11  12.33
 -7 -2  2 0 0 1  18.11  12.33
 -7  2 -2 0 0 1  18.11  12.33
 -7  2  2 0 0 1  18.11  12.33
 -2 -7 -2 0 0 1  18.11  12.33
 -2 -7  2 0 0 1  18.11  12.33
 -2 -2 -7 0 0 1  18.11  12.33
 -2 -2  7 0 0 1  18.11  12.33
 -2  2 -7 0 0 1  18.11  12.33
 -2  2  7 0 0 1  18.11  12.33
 -2  7 -2 0 0 1  18.11  12.33
 -2  7  2 0 0 1  18.11  12.33
  2 -7 -2 0 0 1  18.11  12.33
  2 -7  2 0 0 1  18.11  12.33
  2 -2 -7 0 0 1  18.11  12.33
  2 -2  7 0 0 1  18.11  12.33
  2  2 -7 0 0 1  18.11  12.33
  2  2  7 0 0 1  18.11  12.33
  2  7 -2 0 0 1  18.11  12.33
  2  7  2 0 0 1  18.11  12.33
  7 -2 -2 0 0 1  18.11  12.33
  7 -2  2 0 0 1  18.11  12.33
  7  2 -2 0 0 1  18.11  12.33
  7  2  2 0 0 1  18.11  12.33
 -6 -4 -3 0 0 1  18.97  12.33
 -6 -4  3 0 0 1  18.97  12.33
 -6 -3 -4 0 0 1  18.97  12.33
 -6 -3  4 0 0 1  18.97  12.33
 -6  3 -4 0 0 1  18.97  12.33
 -6  3  4 0 0 1  18.97  12.33
 -6  4 -3 0 0 1  18.97  12.33
 -6  4  3 0 0 1  18.97  12.33
 -4 -6 -3 0 0 1  18.97  12.33
 -4 -6  3 0 0 1  18.97  12.33
 -4 -3 -6 0 0 1  18.97  12.33
 -4 -3  6 0 0 1  18.97  12.33
 -4  3 -6 0 0 1  18.97  12.33
 -4  3  6 0 0 1  18.97  12.33
 -4  6 -3 0 0 1  18.97  12.33
 -4  6  3 0 0 1  18.97  12.33
 -3 -6 -4 0 0 1  18.97  12.33
 -3 -6  4 0 0 1  18.97  12.33
 -3 -4 -6 0 0 1  18.97  12.33
 -3 -4  6 0 0 1  18.97  12.33
 -3  4 -6 0 0 1  18.97  12.33
 -3  4  6 0 0 1  18.97  12.33
 -3  6 -4 0 0 1  18.97  12.33
 -3  6  4 0 0 1  18.97  12.33
  3 -6 -4 0 0 1  18.97  12.33
  3 -6  4 0 0 1  18.97  12.33
  3 -4 -6 0 0 1  18.97  12.33
  3 -4  6 0 0 1  18.97  12.33
  3  4 -6 0 0 1  18.97  12.33
  3  4  6 0 0 1  18.97  12.33
  3  6 -4 0 0 1  18.97  12.33
  3  6  4 0 0 1  18.97  12.33
  4 -6 -3 0 0 1  18.97  12.33
  4 -6  3 0 0 1  18.97  12.33
  4 -3 -6 0 0 1  18.97  12.33
  4 -3  6 0 0 1  18.97  12.33
  4  3 -6 0 0 1  18.97  12.33
  4  3  6 0 0 1  18.97  12.33
  4  6 -3 0 0 1  18.97  12.33
  4  6  3 0 0 1  18.97  12.33
  6 -4 -3 0 0 1  18.97  12.33
  6 -4  3 0 0 1  18.97  12.33
  6 -3 -4 0 0 1  18.97  12.33
  6 -3  4 0 0 1  18.97  12.33
  6  3 -4 0 0 1  18.97  12.33
  6  3  4 0 0 1  18.97  12.33
  6  4 -3 0 0 1  18.97  12.33
  6  4  3 0 0 1  18.97  12.33
 -7 -3  0 0 0 1  18.00  12.65
 -7  0 -3 0 0 1  18.00  12.65
 -7  0  3 0 0 1  18.00  12.65
 -7  3  0 0 0 1  18.00  12.65
 -3 -7  0 0 0 1  18.00  12.65
 -3  0 -7 0 0 1  18.00  12.65
 -3  0  7 0 0 1  18.00  12.65
 -3  7  0 0 0 1  18.00  12.65
  0 -7 -3 0 0 1  18.00  12.65
  0 -7  3 0 0 1  18.00  12.65
  0 -3 -7 0 0 1  18.00  12.65
  0 -3  7 0 0 1  18.00  12.65
  0  3 -7 0 0 1  18.00  12.65
  0  3  7 0 0 1  18.00  12.65
  0  7 -3 0 0 1  18.00  12.65
  0  7  3 0 0 1  18.00  12.65
  3 -7  0 0 0 1  18.00  12.65
  3  0 -7 0 0 1  18.00  12.65
  3  0  7 0 0 1  18.00  12.65
  3  7  0 0 0 1  18.00  12.65
  7 -3  0 0 0 1  18.00  12.65
  7  0 -3 0 0 1  18.00  12.65
  7  0  3 0 0 1  18.00  12.65
  7  3  0 0 0 1  18.00  12.65
 -7 -3 -1 0 0 1  18.33  12.65
 -7 -3  1 0 0 1  18.33  12.65
 -7 -1 -3 0 0 1  18.33  12.65
 -7 -1  3 0 0 1  18.33  12.65
 -7  1 -3 0 0 1  18.33  12.65
 -7  1  3 0 0 1  18.33  12.65
 -7  3 -1 0 0 1  18.33  12.65
 -7  3  1 0 0 1  18.33  12.65
 -3 -7 -1 0 0 1  18.33  12.65
 -3 -7  1 0 0 1  18.33  12.65
 -3 -1 -7 0 0 1  18.33  12.65
 -3 -1  7 0 0 1  18.33  12.65
 -3  1 -7 0 0 1  18.33  12.65
 -3  1  7 0 0 1  18.33  12.65
 -3  7 -1 0 0 1  18.33  12.65
 -3  7  1 0 0 1  18.33  12.65
 -1 -7 -3 0 0 1  18.33  12.65
 -1 -7  3 0 0 1  18.33  12.65
 -1 -3 -7 0 0 1  18.33  12.65
 -1 -3  7 0 0 1  18.33  12.65
 -1  3 -7 0 0 1  18.33  12.65
 -1  3  7 0 0 1  18.33  12.65
 -1  7 -3 0 0 1  18.33  12.65
 -1  7  3 0 0 1  18.33  12.65
  1 -7 -3 0 0 1  18.33  12.65
  1 -7  3 0 0 1  18.33  12.65
  1 -3 -7 0 0 1  18.33  12.65
  1 -3  7 0 0 1  18.33  12.65
  1  3 -7 0 0 1  18.33  12.65
  1  3  7 0 0 1  18.33  12.65
  1  7 -3 0 0 1  18.33  12.65
  1  7  3 0 0 1  18.33  12.65
  3 -7 -1 0 0 1  18.33  12.65
  3 -7  1 0 0 1  18.33  12.65
  3 -1 -7 0 0 1  18.33  12.65
  3 -1  7 0 0 1  18.33  12.65
  3  1 -7 0 0 1  18.33  12.65
  3  1  7 0 0 1  18.33  12.65
  3  7 -1 0 0 1  18.33  12.65
  3  7  1 0 0 1  18.33  12.65
  7 -3 -1 0 0 1  18.33  12.65
  7 -3  1 0 0 1  18.33  12.65
  7 -1 -3 0 0 1  18.33  12.65
  7 -1  3 0 0 1  18.33  12.65
  7  1 -3 0 0 1  18.33  12.65
  7  1  3 0 0 1  18.33  12.65
  7  3 -1 0 0 1  18.33  12.65
  7  3  1 0 0 1  18.33  12.65
 -6 -5  0 0 0 1  18.55  12.81
 -6  0 -5 0 0 1  18.55  12.81
 -6  0  5 0 0 1  18.55  12.81
 -6  5  0 0 0 1  18.55  12.81
 -5 -6  0 0 0 1  18.55  12.81
 -5  0 -6 0 0 1  18.55  12.81
 -5  0  6 0 0 1  18.55  12.81
 -5  6  0 0 0 1  18.55  12.81
  0 -6 -5 0 0 1  18.55  12.81
  0 -6  5 0 0 1  18.55  12.81
  0 -5 -6 0 0 1  18.55  12.81
  0 -5  6 0 0 1  18.55  12.81
  0  5 -6 0 0 1  18.55  12.81
  0  5  6 0 0 1  18.55  12.81
  0  6 -5 0 0 1  18.55  12.81
  0  6  5 0 0 1  18.55  12.81
  5 -6  0 0 0 1  18.55  12.81
  5  0 -6 0 0 1  18.55  12.81
  5  0  6 0 0 1  18.55  12.81
  5  6  0 0 0 1  18.55  12.81
  6 -5  0 0 0 1  18.55  12.81
  6  0 -5 0 0 1  18.55  12.81
  6  0  5 0 0 1  18.55  12.81
  6  5  0 0 0 1  18.55  12.81
 -7 -3 -2 0 0 1  18.87  12.81
 -7 -3  2 0 0 1  18.87  12.81
 -7 -2 -3 0 0 1  18.87  12.81
 -7 -2  3 0 0 1  18.87  12.81
 -7  2 -3 0 0 1  18.87  12.81
 -7  2  3 0 0 1  18.87  12.81
 -7  3 -2 0 0 1  18.87  12.81
 -7  3  2 0 0 1  18.87  12.81
 -6 -5 -1 0 0 1  18.87  12.81
 -6 -5  1 0 0 1  18.87  12.81
 -6 -1 -5 0 0 1  18.87  12.81
 -6 -1  5 0 0 1  18.87  12.81
 -6  1 -5 0 0 1  18.87  12.81
 -6  1  5 0 0 1  18.87  12.81
 -6  5 -1 0 0 1  18.87  12.81
 -6  5  1 0 0 1  18.87  12.81
 -5 -6 -1 0 0 1  18.87  12.81
 -5 -6  1 0 0 1  18.87  12.81
 -5 -1 -6 0 0 1  18.87  12.81
 -5 -1  6 0 0 1  18.87  12.81
 -5  1 -6 0 0 1  18.87  12.81
 -5  1  6 0 0 1  18.87  12.81
 -5  6 -1 0 0 1  18.87  12.81
 -5  6  1 0 0 1  18.87  12.81
 -3 -7 -2 0 0 1  18.87  12.81
 -3 -7  2 0 0 1  18.87  12.81
 -3 -2 -7 0 0 1  18.87  12.81
 -3 -2  7 0 0 1  18.87  12.81
 -3  2 -7 0 0 1  18.87  12.81
 -3  2  7 0 0 1  18.87  12.81
 -3  7 -2 0 0 1  18.87  12.81
 -3  7  2 0 0 1  18.87  12.81
 -2 -7 -3 0 0 1  18.87  12.81
 -2 -7  3 0 0 1  18.87  12.81
 -2 -3 -7 0 0 1  18.87  12.81
 -2 -3  7 0 0 1  18.87  12.81
 -2  3 -7 0 0 1  18.87  12.81
 -2  3  7 0 0 1  18.87  12.81
 -2  7 -3 0 0 1  18.87  12.81
 -2  7  3 0 0 1  18.87  12.81
 -1 -6 -5 0 0 1  18.87  12.81
 -1 -6  5 0 0 1  18.87  12.81
 -1 -5 -6 0 0 1  18.87  12.81
 -1 -5  6 0 0 1  18.87  12.81
 -1  5 -6 0 0 1  18.87  12.81
 -1  5  6 0 0 1  18.87  12.81
 -1  6 -5 0 0 1  18.87  12.81
 -1  6  5 0 0 1  18.87  12.81
  1 -6 -5 0 0 1  18.87  12.81
  1 -6  5 0 0 1  18.87  12.81
  1 -5 -6 0 0 1  18.87  12.81
  1 -5  6 0 0 1  18.87  12.81
  1  5 -6 0 0 1  18.87  12.81
  1  5  6 0 0 1  18.87  12.81
  1  6 -5 0 0 1  18.87  12.81
  1  6  5 0 0 1  18.87  12.81
  2 -7 -3 0 0 1  18.87  12.81
  2 -7  3 0 0 1  18.87  12.81
  2 -3 -7 0 0 1  18.87  12.81
  2 -3  7 0 0 1  18.87  12.81
  2  3 -7 0 0 1  18.87  12.81
  2  3  7 0 0 1  18.87  12.81
  2  7 -3 0 0 1  18.87  12.81
  2  7  3 0 0 1  18.87  12.81
  3 -7 -2 0 0 1  18.87  12.81
  3 -7  2 0 0 1  18.87  12.81
  3 -2 -7 0 0 1  18.87  12.81
  3 -2  7 0 0 1  18.87  12.81
  3  2 -7 0 0 1  18.87  12.81
  3  2  7 0 0 1  18.87  12.81
  3  7 -2 0 0 1  18.87  12.81
  3  7  2 0 0 1  18.87  12.81
  5 -6 -1 0 0 1  18.87  12.81
  5 -6  1 0 0 1  18.87  12.81
  5 -1 -6 0 0 1  18.87  12.81
  5 -1  6 0 0 1  18.87  12.81
  5  1 -6 0 0 1  18.87  12.81
  5  1  6 0 0 1  18.87  12.81
  5  6 -1 0 0 1  18.87  12.81
  5  6  1 0 0 1  18.87  12.81
  6 -5 -1 0 0 1  18.87  12.81
  6 -5  1 0 0 1  18.87  12.81
  6 -1 -5 0 0 1  18.87  12.81
  6 -1  5 0 0 1  18.87  12.81
  6  1 -5 0 0 1  18.87  12.81
  6  1  5 0 0 1  18.87  12.81
  6  5 -1 0 0 1  18.87  12.81
  6  5  1 0 0 1  18.87  12.81
  7 -3 -2 0 0 1  18.87  12.81
  7 -3  2 0 0 1  18.87  12.81
  7 -2 -3 0 0 1  18.87  12.81
  7 -2  3 0 0 1  18.87  12.81
  7  2 -3 0 0 1  18.87  12.81
  7  2  3 0 0 1  18.87  12.81
  7  3 -2 0 0 1  18.87  12.81
  7  3  2 0 0 1  18.87  12.81
 -5 -5 -4 0 0 1  19.70  12.81
 -5 -5  4 0 0 1  19.70  12.81
 -5 -4 -5 0 0 1  19.70  12.81
 -5 -4  5 0 0 1  19.70  12.81
 -5  4 -5 0 0 1  19.70  12.81
 -5  4  5 0 0 1  19.70  12.81
 -5  5 -4 0 0 1  19.70  12.81
 -5  5  4 0 0 1  19.70  12.81
 -4 -5 -5 0 0 1  19.70  12.81
 -4 -5  5 0 0 1  19.70  12.81
 -4  5 -5 0 0 1  19.70  12.81
 -4  5  5 0 0 1  19.70  12.81
  4 -5 -5 0 0 1  19.70  12.81
  4 -5  5 0 0 1  19.70  12.81
  4  5 -5 0 0 1  19.70  12.81
  4  5  5 0 0 1  19.70  12.81
  5 -5 -4 0 0 1  19.70  12.81
  5 -5  4 0 0 1  19.70  12.81
  5 -4 -5 0 0 1  19.70  12.81
  5 -4  5 0 0 1  19.70  12.81
  5  4 -5 0 0 1  19.70  12.81
  5  4  5 0 0 1  19.70  12.81
  5  5 -4 0 0 1  19.70  12.81
  5  5  4 0 0 1  19.70  12.81
 -6 -5 -2 0 0 1  19.39  12.96
 -6 -5  2 0 0 1  19.39  12.96
 -6 -2 -5 0 0 1  19.39  12.96
 -6 -2  5 0 0 1  19.39  12.96
 -6  2 -5 0 0 1  19.39  12.96
 -6  2  5 0 0 1  19.39  12.96
 -6  5 -2 0 0 1  19.39  12.96
 -6  5  2 0 0 1  19.39  12.96
 -5 -6 -2 0 0 1  19.39  12.96
 -5 -6  2 0 0 1  19.39  12.96
 -5 -2 -6 0 0 1  19.39  12.96
 -5 -2  6 0 0 1  19.39  12.96
 -5  2 -6 0 0 1  19.39  12.96
 -5  2  6 0 0 1  19.39  12.96
 -5  6 -2 0 0 1  19.39  12.96
 -5  6  2 0 0 1  19.39  12.96
 -2 -6 -5 0 0 1  19.39  12.96
 -2 -6  5 0 0 1  19.39  12.96
 -2 -5 -6 0 0 1  19.39  12.96
 -2 -5  6 0 0 1  19.39  12.96
 -2  5 -6 0 0 1  19.39  12.96
 -2  5  6 0 0 1  19.39  12.96
 -2  6 -5 0 0 1  19.39  12.96
 -2  6  5 0 0 1  19.39  12.96
  2 -6 -5 0 0 1  19.39  12.96
  2 -6  5 0 0 1  19.39  12.96
  2 -5 -6 0 0 1  19.39  12.96
  2 -5  6 0 0 1  19.39  12.96
  2  5 -6 0 0 1  19.39  12.96
  2  5  6 0 0 1  19.39  12.96
  2  6 -5 0 0 1  19.39  12.96
  2  6  5 0 0 1  19.39  12.96
  5 -6 -2 0 0 1  19.39  12.96
  5 -6  2 0 0 1  19.39  12.96
  5 -2 -6 0 0 1  19.39  12.96
  5 -2  6 0 0 1  19.39  12.96
  5  2 -6 0 0 1  19.39  12.96
  5  2  6 0 0 1  19.39  12.96
  5  6 -2 0 0 1  19.39  12.96
  5  6  2 0 0 1  19.39  12.96
  6 -5 -2 0 0 1  19.39  12.96
  6 -5  2 0 0 1  19.39  12.96
  6 -2 -5 0 0 1  19.39  12.96
  6 -2  5 0 0 1  19.39  12.96
  6  2 -5 0 0 1  19.39  12.96
  6  2  5 0 0 1  19.39  12.96
  6  5 -2 0 0 1  19.39  12.96
  6  5  2 0 0 1  19.39  12.96
 -6 -4 -4 0 0 1  19.90  13.11
 -6 -4  4 0 0 1  19.90  13.11
 -6  4 -4 0 0 1  19.90  13.11
 -6  4  4 0 0 1  19.90  13.11
 -4 -6 -4 0 0 1  19.90  13.11
 -4 -6  4 0 0 1  19.90  13.11
 -4 -4 -6 0 0 1  19.90  13.11
 -4 -4  6 0 0 1  19.90  13.11
 -4  4 -6 0 0 1  19.90  13.11
 -4  4  6 0 0 1  19.90  13.11
 -4  6 -4 0 0 1  19.90  13.11
 -4  6  4 0 0 1  19.90  13.11
  4 -6 -4 0 0 1  19.90  13.11
  4 -6  4 0 0 1  19.90  13.11
  4 -4 -6 0 0 1  19.90  13.11
  4 -4  6 0 0 1  19.90  13.11
  4  4 -6 0 0 1  19.90  13.11
  4  4  6 0 0 1  19.90  13.11
  4  6 -4 0 0 1  19.90  13.11
  4  6  4 0 0 1  19.90  13.11
  6 -4 -4 0 0 1  19.90  13.11
  6 -4  4 0 0 1  19.90  13.11
  6  4 -4 0 0 1  19.90  13.11
  6  4  4 0 0 1  19.90  13.11
 -7 -3 -3 0 0 1  19.60  13.27
 -7 -3  3 0 0 1  19.60  13.27
 -7  3 -3 0 0 1  19.60  13.27
 -7  3  3 0 0 1  19.60  13.27
 -3 -7 -3 0 0 1  19.60  13.27
 -3 -7  3 0 0 1  19.60  13.27
 -3 -3 -7 0 0 1  19.60  13.27
 -3 -3  7 0 0 1  19.60  13.27
 -3  3 -7 0 0 1  19.60  13.27
 -3  3  7 0 0 1  19.60  13.27
 -3  7 -3 0 0 1  19.60  13.27
 -3  7  3 0 0 1  19.60  13.27
  3 -7 -3 0 0 1  19.60  13.27
  3 -7  3 0 0 1  19.60  13.27
  3 -3 -7 0 0 1  19.60  13.27
  3 -3  7 0 0 1  19.60  13.27
  3  3 -7 0 0 1  19.60  13.27
  3  3  7 0 0 1  19.60  13.27
  3  7 -3 0 0 1  19.60  13.27
  3  7  3 0 0 1  19.60  13.27
  7 -3 -3 0 0 1  19.60  13.27
  7 -3  3 0 0 1  19.60  13.27
  7  3 -3 0 0 1  19.60  13.27
  7  3  3 0 0 1  19.60  13.27
 -7 -4  0 0 0 1  18.97  13.42
 -7  0 -4 0 0 1  18.97  13.42
 -7  0  4 0 0 1  18.97  13.42
 -7  4  0 0 0 1  18.97  13.42
 -4 -7  0 0 0 1  18.97  13.42
 -4  0 -7 0 0 1  18.97  13.42
 -4  0  7 0 0 1  18.97  13.42
 -4  7  0 0 0 1  18.97  13.42
  0 -7 -4 0 0 1  18.97  13.42
  0 -7  4 0 0 1  18.97  13.42
  0 -4 -7 0 0 1  18.97  13.42
  0 -4  7 0 0 1  18.97  13.42
  0  4 -7 0 0 1  18.97  13.42
  0  4  7 0 0 1  18.97  13.42
  0  7 -4 0 0 1  18.97  13.42
  0  7  4 0 0 1  18.97  13.42
  4 -7  0 0 0 1  18.97  13.42
  4  0 -7 0 0 1  18.97  13.42
  4  0  7 0 0 1  18.97  13.42
  4  7  0 0 0 1  18.97  13.42
  7 -4  0 0 0 1  18.97  13.42
  7  0 -4 0 0 1  18.97  13.42
  7  0  4 0 0 1  18.97  13.42
  7  4  0 0 0 1  18.97  13.42
 -7 -4 -1 0 0 1  19.29  13.42
 -7 -4  1 0 0 1  19.29  13.42
 -7 -1 -4 0 0 1  19.29  13.42
 -7 -1  4 0 0 1  19.29  13.42
 -7  1 -4 0 0 1  19.29  13.42
 -7  1  4 0 0 1  19.29  13.42
 -7  4 -1 0 0 1  19.29  13.42
 -7  4  1 0 0 1  19.29  13.42
 -4 -7 -1 0 0 1  19.29  13.42
 -4 -7  1 0 0 1  19.29  13.42
 -4 -1 -7 0 0 1  19.29  13.42
 -4 -1  7 0 0 1  19.29  13.42
 -4  1 -7 0 0 1  19.29  13.42
 -4  1  7 0 0 1  19.29  13.42
 -4  7 -1 0 0 1  19.29  13.42
 -4  7  1 0 0 1  19.29  13.42
 -1 -7 -4 0 0 1  19.29  13.42
 -1 -7  4 0 0 1  19.29  13.42
 -1 -4 -7 0 0 1  19.29  13.42
 -1 -4  7 0 0 1  19.29  13.42
 -1  4 -7 0 0 1  19.29  13.42
 -1  4  7 0 0 1  19.29  13.42
 -1  7 -4 0 0 1  19.29  13.42
 -1  7  4 0 0 1  19.29  13.42
  1 -7 -4 0 0 1  19.29  13.42
  1 -7  4 0 0 1  19.29  13.42
  1 -4 -7 0 0 1  19.29  13.42
  1 -4  7 0 0 1  19.29  13.42
  1  4 -7 0 0 1  19.29  13.42
  1  4  7 0 0 1  19.29  13.42
  1  7 -4 0 0 1  19.29  13.42
  1  7  4 0 0 1  19.29  13.42
  4 -7 -1 0 0 1  19.29  13.42
  4 -7  1 0 0 1  19.29  13.42
  4 -1 -7 0 0 1  19.29  13.42
  4 -1  7 0 0 1  19.29  13.42
  4  1 -7 0 0 1  19.29  13.42
  4  1  7 0 0 1  19.29  13.42
  4  7 -1 0 0 1  19.29  13.42
  4  7  1 0 0 1  19.29  13.42
  7 -4 -1 0 0 1  19.29  13.42
  7 -4  1 0 0 1  19.29  13.42
  7 -1 -4 0 0 1  19.29  13.42
  7 -1  4 0 0 1  19.29  13.42
  7  1 -4 0 0 1  19.29  13.42
  7  1  4 0 0 1  19.29  13.42
  7  4 -1 0 0 1  19.29  13.42
  7  4  1 0 0 1  19.29  13.42
 -6 -5 -3 0 0 1  20.10  13.42
 -6 -5  3 0 0 1  20.10  13.42
 -6 -3 -5 0 0 1  20.10  13.42
 -6 -3  5 0 0 1  20.10  13.42
 -6  3 -5 0 0 1  20.10  13.42
 -6  3  5 0 0 1  20.10  13.42
 -6  5 -3 0 0 1  20.10  13.42
 -6  5  3 0 0 1  20.10  13.42
 -5 -6 -3 0 0 1  20.10  13.42
 -5 -6  3 0 0 1  20.10  13.42
 -5 -3 -6 0 0 1  20.10  13.42
 -5 -3  6 0 0 1  20.10  13.42
 -5  3 -6 0 0 1  20.10  13.42
 -5  3  6 0 0 1  20.10  13.42
 -5  6 -3 0 0 1  20.10  13.42
 -5  6  3 0 0 1  20.10  13.42
 -3 -6 -5 0 0 1  20.10  13.42
 -3 -6  5 0 0 1  20.10  13.42
 -3 -5 -6 0 0 1  20.10  13.42
 -3 -5  6 0 0 1  20.10  13.42
 -3  5 -6 0 0 1  20.10  13.42
 -3  5  6 0 0 1  20.10  13.42
 -3  6 -5 0 0 1  20.10  13.42
 -3  6  5 0 0 1  20.10  13.42
  3 -6 -5 0 0 1  20.10  13.42
  3 -6  5 0 0 1  20.10  13.42
  3 -5 -6 0 0 1  20.10  13.42
  3 -5  6 0 0 1  20.10  13.42
  3  5 -6 0 0 1  20.10  13.42
  3  5  6 0 0 1  20.10  13.42
  3  6 -5 0 0 1  20.10  13.42
  3  6  5 0 0 1  20.10  13.42
  5 -6 -3 0 0 1  20.10  13.42
  5 -6  3 0 0 1  20.10  13.42
  5 -3 -6 0 0 1  20.10  13.42
  5 -3  6 0 0 1  20.10  13.42
  5  3 -6 0 0 1  20.10  13.42
  5  3  6 0 0 1  20.10  13.42
  5  6 -3 0 0 1  20.10  13.42
  5  6  3 0 0 1  20.10  13.42
  6 -5 -3 0 0 1  20.10  13.42
  6 -5  3 0 0 1  20.10  13.42
  6 -3 -5 0 0 1  20.10  13.42
  6 -3  5 0 0 1  20.10  13.42
  6  3 -5 0 0 1  20.10  13.42
  6  3  5 0 0 1  20.10  13.42
  6  5 -3 0 0 1  20.10  13.42
  6  5  3 0 0 1  20.10  13.42
 -7 -4 -2 0 0 1  19.80  13.56
 -7 -4  2 0 0 1  19.80  13.56
 -7 -2 -4 0 0 1  19.80  13.56
 -7 -2  4 0 0 1  19.80  13.56
 -7  2 -4 0 0 1  19.80  13.56
 -7  2  4 0 0 1  19.80  13.56
 -7  4 -2 0 0 1  19.80  13.56
 -7  4  2 0 0 1  19.80  13.56
 -4 -7 -2 0 0 1  19.80  13.56
 -4 -7  2 0 0 1  19.80  13.56
 -4 -2 -7 0 0 1  19.80  13.56
 -4 -2  7 0 0 1  19.80  13.56
 -4  2 -7 0 0 1  19.80  13.56
 -4  2  7 0 0 1  19.80  13.56
 -4  7 -2 0 0 1  19.80  13.56
 -4  7  2 0 0 1  19.80  13.56
 -2 -7 -4 0 0 1  19.80  13.56
 -2 -7  4 0 0 1  19.80  13.56
 -2 -4 -7 0 0 1  19.80  13.56
 -2 -4  7 0 0 1  19.80  13.56
 -2  4 -7 0 0 1  19.80  13.56
 -2  4  7 0 0 1  19.80  13.56
 -2  7 -4 0 0 1  19.80  13.56
 -2  7  4 0 0 1  19.80  13.56
  2 -7 -4 0 0 1  19.80  13.56
  2 -7  4 0 0 1  19.80  13.56
  2 -4 -7 0 0 1  19.80  13.56
  2 -4  7 0 0 1  19.80  13.56
  2  4 -7 0 0 1  19.80  13.56
  2  4  7 0 0 1  19.80  13.56
  2  7 -4 0 0 1  19.80  13.56
  2  7  4 0 0 1  19.80  13.56
  4 -7 -2 0 0 1  19.80  13.56
  4 -7  2 0 0 1  19.80  13.56
  4 -2 -7 0 0 1  19.80  13.56
  4 -2  7 0 0 1  19.80  13.56
  4  2 -7 0 0 1  19.80  13.56
  4  2  7 0 0 1  19.80  13.56
  4  7 -2 0 0 1  19.80  13.56
  4  7  2 0 0 1  19.80  13.56
  7 -4 -2 0 0 1  19.80  13.56
  7 -4  2 0 0 1  19.80  13.56
  7 -2 -4 0 0 1  19.80  13.56
  7 -2  4 0 0 1  19.80  13.56
  7  2 -4 0 0 1  19.80  13.56
  7  2  4 0 0 1  19.80  13.56
  7  4 -2 0 0 1  19.80  13.56
  7  4  2 0 0 1  19.80  13.56
 -5 -5 -5 0 0 1  20.78  13.86
 -5 -5  5 0 0 1  20.78  13.86
 -5  5 -5 0 0 1  20.78  13.86
 -5  5  5 0 0 1  20.78  13.86
  5 -5 -5 0 0 1  20.78  13.86
  5 -5  5 0 0 1  20.78  13.86
  5  5 -5 0 0 1  20.78  13.86
  5  5  5 0 0 1  20.78  13.86
 -7 -4 -3 0 0 1  20.49  14.00
 -7 -4  3 0 0 1  20.49  14.00
 -7 -3 -4 0 0 1  20.49  14.00
 -7 -3  4 0 0 1  20.49  14.00
 -7  3 -4 0 0 1  20.49  14.00
 -7  3  4 0 0 1  20.49  14.00
 -7  4 -3 0 0 1  20.49  14.00
 -7  4  3 0 0 1  20.49  14.00
 -4 -7 -3 0 0 1  20.49  14.00
 -4 -7  3 0 0 1  20.49  14.00
 -4 -3 -7 0 0 1  20.49  14.00
 -4 -3  7 0 0 1  20.49  14.00
 -4  3 -7 0 0 1  20.49  14.00
 -4  3  7 0 0 1  20.49  14.00
 -4  7 -3 0 0 1  20.49  14.00
 -4  7  3 0 0 1  20.49  14.00
 -3 -7 -4 0 0 1  20.49  14.00
 -3 -7  4 0 0 1  20.49  14.00
 -3 -4 -7 0 0 1  20.49  14.00
 -3 -4  7 0 0 1  20.49  14.00
 -3  4 -7 0 0 1  20.49  14.00
 -3  4  7 0 0 1  20.49  14.00
 -3  7 -4 0 0 1  20.49  14.00
 -3  7  4 0 0 1  20.49  14.00
  3 -7 -4 0 0 1  20.49  14.00
  3 -7  4 0 0 1  20.49  14.00
  3 -4 -7 0 0 1  20.49  14.00
  3 -4  7 0 0 1  20.49  14.00
  3  4 -7 0 0 1  20.49  14.00
  3  4  7 0 0 1  20.49  14.00
  3  7 -4 0 0 1  20.49  14.00
  3  7  4 0 0 1  20.49  14.00
  4 -7 -3 0 0 1  20.49  14.00
  4 -7  3 0 0 1  20.49  14.00
  4 -3 -7 0 0 1  20.49  14.00
  4 -3  7 0 0 1  20.49  14.00
  4  3 -7 0 0 1  20.49  14.00
  4  3  7 0 0 1  20.49  14.00
  4  7 -3 0 0 1  20.49  14.00
  4  7  3 0 0 1  20.49  14.00
  7 -4 -3 0 0 1  20.49  14.00
  7 -4  3 0 0 1  20.49  14.00
  7 -3 -4 0 0 1  20.49  14.00
  7 -3  4 0 0 1  20.49  14.00
  7  3 -4 0 0 1  20.49  14.00
  7  3  4 0 0 1  20.49  14.00
  7  4 -3 0 0 1  20.49  14.00
  7  4  3 0 0 1  20.49  14.00
